R0: 15795.415710222,0.041792282,15795.416309013,15795.458332722
R1: 15795.874455347,0.133472361,15795.874646514,15796.008199514
R2: 15796.256743097,0.018340619,15796.256906430,15796.275281805
R3: 15796.863561306,0.121834002,15796.863721847,15796.985609347
R4: 15796.965843431,0.067280747,15796.985762722,15797.053070097
R5: 15797.047332639,0.082600447,15797.053118264,15797.135776347
R6: 15797.209661347,0.060026226,15797.209733056,15797.269802723
R7: 15797.323219389,0.206605284,15797.323361139,15797.530072306
R8: 15798.083710223,0.105279846,15798.083814848,15798.189129223
R9: 15798.336288390,0.077822206,15798.336347723,15798.414187015
R10: 15798.374641931,0.023186871,15798.414231348,15798.437443890
R11: 15798.378785806,0.135878569,15798.437499181,15798.573424265
R12: 15798.415715098,0.042700071,15798.573487681,15798.616202598
R13: 15798.458352931,0.009599690,15798.616238515,15798.625853473
R14: 15798.493163056,0.020519092,15798.625878973,15798.646412140
R15: 15800.202323557,0.152254022,15800.203154307,15800.355540766
R16: 15800.382926432,0.029251819,15800.382992099,15800.412282557
R17: 15800.620067932,0.061911745,15800.620144682,15800.682081057
R18: 15800.873824308,0.300301707,15800.873920224,15801.174280266
R19: 15801.043969058,0.122966374,15801.174324308,15801.297304808
R20: 15801.130509516,0.122441784,15801.297332724,15801.419795516
R21: 15801.317573974,0.185106382,15801.419818600,15801.604977475
R22: 15801.445423058,0.036214346,15801.605069808,15801.641291600
R23: 15801.528737683,0.209469418,15801.641325516,15801.850833475
R24: 15801.941019308,0.248530295,15801.941076808,15802.189647767
R25: 15801.959135016,0.007498817,15802.189690183,15802.197203142
R26: 15802.145797475,0.090695495,15802.197228600,15802.287935267
R27: 15802.199201725,0.035756765,15802.287958850,15802.323719308
R28: 15802.751600267,0.001685518,15802.751635183,15802.753345100
R29: 15802.768226517,0.005431190,15802.768286267,15802.773731808
R30: 15802.921242059,0.293993518,15802.921414475,15803.215448392
R31: 15802.989318559,0.158605897,15803.215499559,15803.374195725
R32: 15803.570604976,0.064667327,15803.570708184,15803.635399017
R33: 15803.648222809,0.119012774,15803.648294726,15803.767327476
R34: 15803.765872976,0.091815717,15803.767383517,15803.859226684
R35: 15803.945627851,0.003339386,15803.945720517,15803.949089434
R36: 15804.135366142,0.223818738,15804.135453809,15804.359295601
R37: 15804.279359309,0.106364391,15804.359364143,15804.465786184
R38: 15804.947150893,0.111787685,15804.947308393,15805.059154768
R39: 15805.030827601,0.036419261,15805.059206101,15805.095682310
R40: 15805.286289226,0.015124241,15805.286352101,15805.301523976
R41: 15805.577445768,0.176740891,15805.577514560,15805.754294227
R42: 15805.722514935,0.033415072,15805.754350727,15805.787780477
R43: 15806.164386768,0.186534418,15806.164461393,15806.351032310
R44: 15806.229447227,0.096708169,15806.351067185,15806.447808477
R45: 15806.337307602,0.074023904,15806.447845435,15806.521884019
R46: 15807.120964727,0.163058538,15807.121105519,15807.284207644
R47: 15807.388815894,0.214718708,15807.388878394,15807.603635894
R48: 15807.533632561,0.140511685,15807.603666936,15807.744189686
R49: 15807.660719186,0.201567058,15807.744212353,15807.945794311
R50: 15807.948927186,0.020260251,15807.948962061,15807.969233769
R51: 15808.113654311,0.210611091,15808.113739394,15808.324400103
R52: 15808.863928520,0.177429529,15808.864057853,15809.041531895
R53: 15808.904036103,0.047129321,15809.041597645,15809.088759061
R54: 15809.160252770,0.027498046,15809.160320145,15809.187837020
R55: 15809.401924978,0.030615517,15809.402089562,15809.432755103
R56: 15809.787449770,0.021360097,15809.787526312,15809.808935020
R57: 15809.935640854,0.026940672,15809.935699395,15809.962673104
R58: 15809.987596562,0.044892751,15809.987659604,15810.032568312
R59: 15810.190906770,0.197754147,15810.191037187,15810.388832437
R60: 15810.237491520,0.011230092,15810.388900562,15810.400147729
R61: 15810.264755895,0.119091536,15810.400175562,15810.519292062
R62: 15810.435801812,0.227785778,15810.519317479,15810.747135354
R63: 15811.481691271,0.040265961,15811.481738854,15811.522034146
R64: 15811.770114813,0.038326362,15811.770159438,15811.808520396
R65: 15812.116492646,0.022025512,15812.116523938,15812.138563980
R66: 15812.203641230,0.023354999,15812.203674105,15812.227054771
R67: 15812.423253480,0.109776884,15812.423323855,15812.533131230
R68: 15812.464619063,0.131442623,15812.533162188,15812.664615313
R69: 15812.498165605,0.113897644,15812.664638272,15812.778549730
R70: 15812.543046480,0.249817922,15812.778579980,15813.028411480
R71: 15812.562443980,0.061435961,15813.028444563,15813.089893980
R72: 15812.575953813,0.022876576,15813.089926105,15813.112816522
R73: 15812.624429188,0.109934426,15813.112838480,15813.222820522
R74: 15813.024087147,0.285300052,15813.222867563,15813.508182980
R75: 15813.291336230,0.118834345,15813.508209022,15813.629494730
R76: 15813.546427814,0.012076079,15813.629545772,15813.641630272
R77: 15813.571035605,0.006788488,15813.641675189,15813.648473272
R78: 15813.754695730,0.019081617,15813.754794439,15813.773902522
R79: 15813.772932022,0.142750595,15813.773953939,15813.916728980
R80: 15813.927676230,0.117405886,15813.927736772,15814.045173731
R81: 15814.140643981,0.014312185,15814.140711814,15814.155038022
R82: 15814.154039856,0.019047417,15814.155068231,15814.174130564
R83: 15817.142818940,0.011172244,15817.142929524,15817.154148815
R84: 15817.694686232,0.004631131,15817.694822399,15817.699502524
R85: 15819.224498025,0.006256493,15819.224587025,15819.230890525
R86: 15819.735707691,0.213737334,15819.735752441,15819.949537899
R87: 15819.736839107,0.016575418,15819.949587941,15819.966174982
R88: 15819.962167774,0.041422586,15819.966200691,15820.007647607
R89: 15820.006718566,0.142758855,15820.007671149,15820.150489816
R90: 15820.617346691,0.067003772,15820.617435649,15820.684459108
R91: 15820.728624566,0.050210946,15820.728686608,15820.778923191
R92: 15820.945213775,0.008746722,15820.945312858,15820.954075358
R93: 15821.235984191,0.117991979,15821.236058566,15821.354066733
R94: 15821.425258233,0.404773926,15821.425333941,15821.830136942
R95: 15821.515997441,0.175047790,15821.830178442,15822.005241108
R96: 15821.731153733,0.082609206,15822.005263692,15822.087886317
R97: 15822.075590275,0.114795351,15822.087910483,15822.202743233
R98: 15822.084645525,0.216275041,15822.202777900,15822.419070859
R99: 15822.532503900,0.148173226,15822.532569609,15822.680771359
R100: 15823.049107942,0.113486719,15823.049132109,15823.162644317
R101: 15824.020793776,0.342517842,15824.020913901,15824.363476859
R102: 15824.605099610,0.057306599,15824.605165693,15824.662502860
R103: 15824.880032276,0.147668871,15824.880110693,15825.027799443
R104: 15824.924878026,0.006676690,15825.027855776,15825.034546735
R105: 15825.474413985,0.023756468,15825.474515943,15825.498299027
R106: 15825.736785693,0.021687048,15825.736855568,15825.758594360
R107: 15825.985054735,0.031755492,15825.985089777,15826.016882194
R108: 15826.286619652,0.021935080,15826.286690694,15826.308641194
R109: 15826.386330860,0.083549180,15826.386367735,15826.469937652
R110: 15826.405639360,0.087755157,15826.469962694,15826.557732111
R111: 15826.468945527,0.296387395,15826.557756111,15826.854172569
R112: 15826.647671361,0.065824460,15826.854197902,15826.920056569
R113: 15826.729855277,0.010018886,15826.920079652,15826.930108611
R114: 15827.047494402,0.074817692,15827.047569152,15827.122397944
R115: 15827.206949152,0.049958890,15827.207025152,15827.257035611
R116: 15827.929075570,0.156816735,15827.929258695,15828.086118320
R117: 15828.031713986,0.000269724,15828.086174986,15828.086454153
R118: 15828.174266070,0.076041764,15828.174289653,15828.250370111
R119: 15828.280694111,0.022202645,15828.280759820,15828.302983778
R120: 15828.728573070,0.054968019,15828.728649445,15828.783644695
R121: 15829.009986028,0.030314972,15829.010055445,15829.040403820
R122: 15829.174479737,0.016797718,15829.174535028,15829.191366653
R123: 15829.485792154,0.003476892,15829.485881820,15829.489380654
R124: 15829.728924237,0.099222855,15829.728991445,15829.828249779
R125: 15829.862570404,0.084593125,15829.862637570,15829.947258737
R126: 15830.142798487,0.017008670,15830.142911279,15830.159945321
R127: 15830.249508529,0.082216686,15830.249551862,15830.331815196
R128: 15830.484400071,0.033171191,15830.484467654,15830.517674112
R129: 15830.812453946,0.018826112,15830.812510863,15830.831354529
R130: 15831.149690613,0.096200836,15831.149763654,15831.245988904
R131: 15831.784038655,0.024784717,15831.784135238,15831.808936446
R132: 15832.048802738,0.007643717,15832.048867363,15832.056525655
R133: 15832.238920572,0.174891430,15832.239070988,15832.413998238
R134: 15832.314420613,0.008202441,15832.414071988,15832.422289280
R135: 15832.604151572,0.037399304,15832.604215822,15832.641629738
R136: 15832.633693863,0.074955147,15832.641653280,15832.716622322
R137: 15832.848633780,0.028397528,15832.848667530,15832.877095030
R138: 15833.123261072,0.028350865,15833.123320780,15833.151689447
R139: 15833.497086947,0.017534470,15833.497147864,15833.514726072
R140: 15833.597117072,0.000298749,15833.597220947,15833.597540239
R141: 15834.636722656,0.033557298,15834.636826698,15834.670420781
R142: 15835.076031990,0.047798551,15835.076111240,15835.123942906
R143: 15835.128229198,0.209370590,15835.128287990,15835.337687490
R144: 15835.924638157,0.100074629,15835.924673532,15836.024788865
R145: 15836.286613782,0.096473361,15836.286648782,15836.383138324
R146: 15836.318941157,0.124035930,15836.383170282,15836.507220365
R147: 15836.440035532,0.206682726,15836.507247615,15836.713945157
R148: 15837.156504324,0.018965723,15837.156562491,15837.175570741
R149: 15837.651550157,0.066180511,15837.651590866,15837.717819866
R150: 15838.046197158,0.196097317,15838.046317741,15838.242454908
R151: 15838.134539991,0.172608872,15838.242520283,15838.415170241
R152: 15838.735597075,0.071541047,15838.735701908,15838.807272450
R153: 15838.908035033,0.026673576,15838.908108700,15838.934801991
R154: 15838.952531616,0.056504935,15838.952563491,15839.009091866
R155: 15839.452435408,0.157507707,15839.452467825,15839.609993492
R156: 15839.608236242,0.028664575,15839.610086283,15839.638771158
R157: 15839.779559283,0.096048158,15839.779619033,15839.875700492
R158: 15839.829338659,0.012477364,15839.875732950,15839.888225575
R159: 15840.154463950,0.056508694,15840.154549075,15840.211104117
R160: 15840.385595617,0.107355652,15840.385683075,15840.493106617
R161: 15840.840899076,0.020915372,15840.840973867,15840.861906534
R162: 15840.890037659,0.010772069,15840.890125367,15840.900914701
R163: 15841.062622826,0.037248242,15841.062682367,15841.099946826
R164: 15841.099849492,0.223892413,15841.099969659,15841.323886701
R165: 15841.198064409,0.081092802,15841.323912451,15841.405032868
R166: 15841.795956076,0.142037500,15841.796031201,15841.938109660
R167: 15842.249310910,0.033993805,15842.249384785,15842.283397743
R168: 15842.420719076,0.089614816,15842.420786951,15842.510422035
R169: 15842.546105243,0.024968997,15842.546170160,15842.571151243
R170: 15842.780902285,0.006275917,15842.781057077,15842.787365577
R171: 15842.822022452,0.086822906,15842.822192952,15842.909075993
R172: 15842.850663743,0.028337998,15842.909132535,15842.937475410
R173: 15842.963672618,0.007964470,15842.963709577,15842.971686368
R174: 15843.064362952,0.227135284,15843.064427827,15843.291582327
R175: 15843.203764743,0.025709385,15843.291632035,15843.317356452
R176: 15843.422811535,0.119545955,15843.422887119,15843.542450577
R177: 15843.691648744,0.014259264,15843.691679369,15843.705966035
R178: 15843.858763827,0.081883751,15843.858877869,15843.940776535
R179: 15844.395286911,0.019416368,15844.395328994,15844.414787286
R180: 15844.577664036,0.046289440,15844.577809369,15844.624119161
R181: 15844.781588744,0.041793032,15844.781672411,15844.823518036
R182: 15845.224566578,0.032878761,15845.224661161,15845.257584578
R183: 15845.294697203,0.084826644,15845.294766661,15845.379609036
R184: 15845.621488245,0.034404729,15845.621535078,15845.655960745
R185: 15846.668926370,0.012189072,15846.669071412,15846.681299412
R186: 15847.239330370,0.000451935,15847.239391745,15847.239868704
R187: 15847.371646662,0.124077562,15847.371683454,15847.495800204
R188: 15847.753994454,0.010149362,15847.754094537,15847.764258871
R189: 15847.841052662,0.106380353,15847.841114829,15847.947529996
R190: 15848.342736746,0.049684271,15848.342809038,15848.392522538
R191: 15848.355428579,0.102557517,15848.392592496,15848.495168121
R192: 15849.431182996,0.053521043,15849.431314955,15849.484859746
R193: 15849.490512246,0.008218928,15849.490570746,15849.498802621
R194: 15849.991576163,0.040226466,15849.991724788,15850.031984996
R195: 15850.017919871,0.089197873,15850.032096080,15850.121338330
R196: 15850.107763330,0.011768372,15850.121385455,15850.133158496
R197: 15850.521882288,0.004575184,15850.521938247,15850.526556705
R198: 15850.535167122,0.126506883,15850.535234038,15850.661761497
R199: 15850.688207538,0.048700068,15850.688300330,15850.737028913
R200: 15850.982730872,0.074226036,15850.982792247,15851.057039997
R201: 15851.014496205,0.062900681,15851.057071830,15851.119987247
R202: 15851.230599580,0.037440555,15851.230669164,15851.268139080
R203: 15851.456644455,0.182977967,15851.456713830,15851.639716997
R204: 15851.547441914,0.015509421,15851.639786831,15851.655353456
R205: 15851.709344039,0.062167882,15851.709423414,15851.771611872
R206: 15851.944689331,0.075568852,15851.944748747,15852.020362622
R207: 15852.185935664,0.147569152,15852.186018456,15852.333620706
R208: 15852.252521956,0.008672466,15852.333668122,15852.342360414
R209: 15852.270716706,0.015492281,15852.342384873,15852.357891498
R210: 15852.914125414,0.021293823,15852.914202414,15852.935531081
R211: 15853.078481706,0.028638176,15853.078539498,15853.107193248
R212: 15853.516861540,0.175501085,15853.516975873,15853.692496040
R213: 15853.627400165,0.140575489,15853.692538415,15853.833178915
R214: 15853.732952956,0.003083639,15853.833233582,15853.836335373
R215: 15854.002301790,0.125519809,15854.002372957,15854.127927248
R216: 15854.076792498,0.150710138,15854.127967373,15854.278692582
R217: 15854.322676998,0.020813021,15854.322744832,15854.343581540
R218: 15854.414811873,0.078990814,15854.414844540,15854.493879624
R219: 15854.470039624,0.093559683,15854.493926082,15854.587511415
R220: 15854.499123040,0.105920449,15854.587550540,15854.693514582
R221: 15854.880295082,0.042733917,15854.880360915,15854.923120832
R222: 15854.936257832,0.047431361,15854.936317415,15854.983760249
R223: 15855.031136082,0.040612532,15855.031200415,15855.071844249
R224: 15855.096875832,0.014007649,15855.096961290,15855.111056457
R225: 15855.287294457,0.001223888,15855.287363082,15855.288621582
R226: 15855.490034166,0.040128110,15855.490096291,15855.530247457
R227: 15855.609666457,0.111429396,15855.609733207,15855.721190249
R228: 15855.700842582,0.087404017,15855.721238082,15855.808665791
R229: 15855.776312666,0.210052319,15855.808692332,15856.018777999
R230: 15855.977273083,0.138300152,15856.018805749,15856.157134166
R231: 15856.266885666,0.031157871,15856.266950291,15856.298140124
R232: 15856.566137083,0.000501906,15856.566211708,15856.566725916
R233: 15856.825702958,0.154776679,15856.825782958,15856.980608083
R234: 15857.016073166,0.085763216,15857.016186458,15857.101965041
R235: 15857.257033417,0.042667339,15857.257099833,15857.299806583
R236: 15857.439834375,0.105744020,15857.439907083,15857.545676917
R237: 15857.552287083,0.094385098,15857.552324375,15857.646720917
R238: 15857.957146709,0.002787148,15857.957270084,15857.960086334
R239: 15857.998747792,0.096456389,15857.998823167,15858.095322917
R240: 15858.015198042,0.080403879,15858.095354042,15858.175775792
R241: 15858.067175584,0.069911563,15858.175805542,15858.245741292
R242: 15858.368477250,0.000477125,15858.368541792,15858.369035584
R243: 15858.368795042,0.025269116,15858.369059375,15858.394339959
R244: 15858.459865000,0.162400067,15858.459895209,15858.622317000
R245: 15858.726234042,0.034797481,15858.726302209,15858.761114209
R246: 15858.776254042,0.176003560,15858.776360084,15858.952375126
R247: 15859.051447626,0.031312931,15859.051478251,15859.082815959
R248: 15859.316311417,0.017176687,15859.316420042,15859.333625001
R249: 15859.857120834,0.058341101,15859.857190418,15859.915546959
R250: 15859.899916959,0.093828717,15859.915585251,15860.009456793
R251: 15860.341478751,0.017674530,15860.341583168,15860.359290543
R252: 15860.928629085,0.102033543,15860.928695210,15861.030777502
R253: 15861.054131460,0.066061677,15861.054164543,15861.120273585
R254: 15861.562167252,0.224616627,15861.562197877,15861.786830669
R255: 15861.898018877,0.217625135,15861.898140835,15862.115797210
R256: 15861.964480835,0.225779282,15862.115862460,15862.341683711
R257: 15862.164949336,0.067019302,15862.341736086,15862.408783044
R258: 15862.335525461,0.133972330,15862.408813461,15862.542816419
R259: 15863.035371294,0.075218972,15863.035450711,15863.110686461
R260: 15863.456178253,0.446681774,15863.456344003,15863.903061086
R261: 15863.723989420,0.032696953,15863.903128753,15863.935869336
R262: 15864.410763337,0.074128613,15864.410823420,15864.484988170
R263: 15864.929344004,0.118691829,15864.929471462,15865.048211504
R264: 15865.183363379,0.132025592,15865.183432629,15865.315519379
R265: 15865.557385920,0.077274834,15865.557428420,15865.634740337
R266: 15865.633676171,0.015222262,15865.634782421,15865.650096379
R267: 15865.792700462,0.166926171,15865.792737171,15865.959705296
R268: 15866.189564171,0.090989853,15866.189628504,15866.280640796
R269: 15866.705559671,0.078891687,15866.705591504,15866.784513838
R270: 15866.838564713,0.086444437,15866.838619296,15866.925093629
R271: 15867.065747546,0.013380847,15867.065779546,15867.079175421
R272: 15867.259163213,0.002793244,15867.259205046,15867.262034921
R273: 15867.475497213,0.060843650,15867.475565755,15867.536436088
R274: 15867.777289255,0.060308965,15867.777348547,15867.837680547
R275: 15868.224207338,0.056081006,15868.224245713,15868.280375630
R276: 15868.254144255,0.004142938,15868.280422797,15868.284580838
R277: 15868.432689089,0.040464810,15868.432770880,15868.473252464
R278: 15868.853702214,0.050141945,15868.853744797,15868.903903214
R279: 15869.107576214,0.044405254,15869.107651589,15869.152088839
R280: 15869.146499297,0.043513943,15869.152121381,15869.195648881
R281: 15869.217462839,0.105368271,15869.217565756,15869.322946131
R282: 15869.221903881,0.139696945,15869.322971506,15869.462682047
R283: 15869.435085006,0.049327648,15869.462713172,15869.512054256
R284: 15869.653603964,0.444320224,15869.653662256,15870.098043548
R285: 15869.815911839,0.006430193,15870.098089256,15870.104550131
R286: 15869.831073214,0.075792762,15870.104585214,15870.180400131
R287: 15870.087062298,0.020682449,15870.180437006,15870.201155839
R288: 15870.150093423,0.214219232,15870.201187048,15870.415427048
R289: 15870.398895756,0.051790173,15870.415463798,15870.467269214
R290: 15870.733780881,0.158419773,15870.733851590,15870.892311131
R291: 15870.878165756,0.247848552,15870.892359048,15871.140243298
R292: 15871.640832007,0.121397958,15871.640864382,15871.762287048
R293: 15872.214276590,0.064122684,15872.214323924,15872.278492007
R294: 15872.315801465,0.054102362,15872.315888965,15872.370216882
R295: 15872.377699049,0.052306267,15872.377756632,15872.430081632
R296: 15873.125815174,0.284972910,15873.125867382,15873.410907924
R297: 15873.665113341,0.051046767,15873.665212716,15873.716276091
R298: 15873.715934924,0.121195733,15873.716303841,15873.837535674
R299: 15874.094790841,0.024820615,15874.094833341,15874.119692175
R300: 15874.682743133,0.275881101,15874.682836550,15874.958741967
R301: 15875.041285717,0.042899844,15875.041366758,15875.084307758
R302: 15875.142166092,0.067370140,15875.142250175,15875.209676092
R303: 15875.347982717,0.017665880,15875.348083633,15875.365778133
R304: 15875.591428009,0.037204279,15875.591496592,15875.628740925
R305: 15875.753982384,0.206931689,15875.754046842,15875.961045509
R306: 15876.019258967,0.077731781,15876.019316509,15876.097086592
R307: 15876.078458092,0.009690338,15876.097118759,15876.106840509
R308: 15876.579933426,0.018491478,15876.579973842,15876.598508509
R309: 15876.696904009,0.074848780,15876.696934384,15876.771823842
R310: 15876.956919593,0.075598633,15876.956984968,15877.032598801
R311: 15877.239190301,0.068580317,15877.239286676,15877.307892551
R312: 15877.254461218,0.023158156,15877.307940009,15877.331108468
R313: 15877.461807259,0.035112726,15877.461888093,15877.497032384
R314: 15877.466625801,0.214415078,15877.497057176,15877.711486635
R315: 15877.468931509,0.122721876,15877.711510176,15877.834264343
R316: 15877.698927260,0.225594891,15877.834287718,15878.059925218
R317: 15878.244503843,0.049514480,15878.244544052,15878.294070718
R318: 15878.292050010,0.132156171,15878.294112427,15878.426284218
R319: 15878.459306093,0.281006089,15878.459375010,15878.740392718
R320: 15878.714082760,0.028880648,15878.740428052,15878.769319552
R321: 15878.756322468,0.037979199,15878.769341927,15878.807324843
R322: 15879.291057260,0.114740813,15879.291128469,15879.405914135
R323: 15879.865358302,0.026567590,15879.865464510,15879.892078343
R324: 15880.026957343,0.010873320,15880.027027052,15880.037926093
R325: 15880.759704052,0.081335502,15880.759839177,15880.841221552
R326: 15881.261717219,0.215345508,15881.261748636,15881.477141386
R327: 15881.578818011,0.027640083,15881.578866594,15881.606528927
R328: 15881.629715177,0.018905976,15881.629806136,15881.648741928
R329: 15881.675475969,0.016156214,15881.675535678,15881.691703011
R330: 15881.921487844,0.021515869,15881.921593303,15881.943134803
R331: 15881.955418594,0.001163607,15881.955498761,15881.956673261
R332: 15882.689509761,0.010651769,15882.689611595,15882.700296803
R333: 15882.733413720,0.087139496,15882.733540220,15882.820692386
R334: 15882.888369303,0.008859430,15882.888430136,15882.897304845
R335: 15883.505366720,0.006097480,15883.505423137,15883.511563303
R336: 15883.743578304,0.057169538,15883.743624512,15883.800839762
R337: 15883.868741054,0.028914627,15883.868827220,15883.897757095
R338: 15884.012226054,0.202905526,15884.012292220,15884.215223762
R339: 15884.082227012,0.017633082,15884.215262387,15884.232909095
R340: 15884.291049554,0.047113199,15884.291081804,15884.338227345
R341: 15884.299920345,0.116659787,15884.338251554,15884.454925804
R342: 15884.720335596,0.516638985,15884.720391554,15885.237077638
R343: 15884.830585512,0.061782423,15885.237130721,15885.298957596
R344: 15884.839700804,0.090341078,15885.298997638,15885.389381346
R345: 15884.895819346,0.033077153,15885.389408846,15885.422499596
R346: 15885.196689596,0.086705933,15885.422523429,15885.509245138
R347: 15885.747125846,0.004289169,15885.747244346,15885.751554054
R348: 15885.851678680,0.135519073,15885.851746221,15885.987313346
R349: 15886.215599721,0.095454817,15886.215668221,15886.311167305
R350: 15886.515572138,0.031277769,15886.515717055,15886.547029597
R351: 15887.101975388,0.029477230,15887.102085472,15887.131603263
R352: 15887.451088722,0.017463805,15887.451173680,15887.468681472
R353: 15887.865518639,0.004576690,15887.865591430,15887.870186055
R354: 15888.089134681,0.014259558,15888.089206597,15888.103511431
R355: 15888.115912639,0.012198323,15888.115971681,15888.128182806
R356: 15888.185937056,0.004983792,15888.185971972,15888.190979389
R357: 15888.408344181,0.242465375,15888.408403514,15888.650899973
R358: 15888.959203306,0.216099984,15888.959268681,15889.175407598
R359: 15888.973676056,0.024751465,15889.175441431,15889.200206431
R360: 15889.131994514,0.015410796,15889.200231764,15889.215656306
R361: 15889.353151515,0.053911722,15889.353210515,15889.407138348
R362: 15889.572809098,0.217050278,15889.572885973,15889.790063848
R363: 15889.995483931,0.072739371,15889.995534015,15890.068293057
R364: 15890.182475557,0.021266353,15890.182549390,15890.203845432
R365: 15890.509377765,0.083665688,15890.509426015,15890.593104973
R366: 15890.586121557,0.001399230,15890.593148640,15890.594573265
R367: 15890.779314432,0.035584547,15890.779371932,15890.814986390
R368: 15891.449670391,0.061621716,15891.449808474,15891.511447266
R369: 15891.507299932,0.030580686,15891.511479391,15891.542074057
R370: 15891.635459849,0.086334577,15891.635490182,15891.721843391
R371: 15891.920284891,0.026114367,15891.920336974,15891.946470599
R372: 15892.066769141,0.033733616,15892.066820599,15892.100586682
R373: 15892.370521974,0.118651962,15892.370589224,15892.489280058
R374: 15892.430961808,0.095888821,15892.489334849,15892.585235141
R375: 15892.505635849,0.155426936,15892.585261266,15892.740702183
R376: 15892.509748766,0.076516596,15892.740724099,15892.817270099
R377: 15892.988139766,0.091875026,15892.988207350,15893.080097975
R378: 15893.085142141,0.156989616,15893.085199766,15893.242217516
R379: 15893.272273766,0.024668382,15893.272336225,15893.297071183
R380: 15893.344308850,0.060194445,15893.344371558,15893.404592975
R381: 15893.363360600,0.078769406,15893.404629933,15893.483413683
R382: 15893.914778975,0.143518261,15893.914817392,15894.058378392
R383: 15894.104132683,0.111219963,15894.104192475,15894.215426767
R384: 15894.902492850,0.037183071,15894.902591892,15894.939818809
R385: 15895.007997226,0.002012711,15895.008040934,15895.010090684
R386: 15895.019274559,0.055664583,15895.019332517,15895.075030226
R387: 15895.020575267,0.102658390,15895.075053892,15895.177733559
R388: 15895.107254434,0.059006431,15895.177785434,15895.236819059
R389: 15895.536263309,0.006790816,15895.536313392,15895.543119892
R390: 15895.693884893,0.055080604,15895.693938184,15895.749102018
R391: 15895.746920226,0.003697035,15895.749133684,15895.752845684
R392: 15896.389191726,0.023404155,15896.389248226,15896.412678310
R393: 15896.411278685,0.078733011,15896.412703518,15896.491462976
R394: 15896.721941560,0.271565941,15896.722033851,15896.993635185
R395: 15896.746348810,0.015136222,15896.993669018,15897.008837393
R396: 15897.251648977,0.117987845,15897.251689227,15897.369704768
R397: 15897.413263185,0.000583715,15897.413339435,15897.413938102
R398: 15897.789031144,0.111129771,15897.789103477,15897.900265560
R399: 15898.005136810,0.213200587,15898.005201394,15898.218451685
R400: 15898.345562477,0.129123626,15898.345626519,15898.474793519
R401: 15898.370964269,0.008917222,15898.474828811,15898.483760644
R402: 15899.102756436,0.022795294,15899.102813227,15899.125638103
R403: 15899.183183478,0.008322297,15899.183248311,15899.191622061
R404: 15899.598056644,0.027053466,15899.598125394,15899.625213811
R405: 15899.941410978,0.231334719,15899.941502436,15900.172884520
R406: 15899.989063436,0.008473329,15900.172926353,15900.181422145
R407: 15900.346807186,0.155507747,15900.346878561,15900.502419061
R408: 15901.339135437,0.098263447,15901.339219520,15901.437524395
R409: 15901.443681479,0.047488733,15901.443737270,15901.491240687
R410: 15901.596155687,0.032628118,15901.596221145,15901.628864562
R411: 15901.861546354,0.011602872,15901.861614645,15901.873257687
R412: 15902.090979979,0.039567550,15902.091042396,15902.130652812
R413: 15902.112216979,0.089870812,15902.130683396,15902.220591604
R414: 15902.149060479,0.177164410,15902.220627646,15902.397821771
R415: 15902.179468104,0.019734627,15902.397850646,15902.417596354
R416: 15902.397837604,0.062721060,15902.417626354,15902.480368729
R417: 15902.673768104,0.239050658,15902.673830979,15902.912906979
R418: 15902.767423771,0.010850577,15902.912929979,15902.923795021
R419: 15903.132954313,0.060289528,15903.132990063,15903.193318979
R420: 15903.142764479,0.019808825,15903.193351563,15903.213184979
R421: 15903.270231979,0.014545511,15903.270293146,15903.284852771
R422: 15903.420936021,0.047394539,15903.421089813,15903.468498313
R423: 15903.513104938,0.087434370,15903.513163021,15903.600620396
R424: 15903.514516938,0.051650171,15903.600647063,15903.652313938
R425: 15903.548275896,0.126272257,15903.652341563,15903.778627896
R426: 15903.570288063,0.096179761,15903.778652813,15903.874871730
R427: 15903.955691355,0.168240922,15903.955752271,15904.124039022
R428: 15904.558374397,0.004027667,15904.558440272,15904.562501730
R429: 15904.574599188,0.016246722,15904.574667313,15904.590937105
R430: 15904.761848314,0.009666648,15904.761911730,15904.771601689
R431: 15905.419277772,0.075567841,15905.419387981,15905.494984939
R432: 15905.542695147,0.100425456,15905.542756981,15905.643212356
R433: 15905.797060564,0.043492661,15905.797097731,15905.840627189
R434: 15905.990923481,0.071832318,15905.990967147,15906.062838439
R435: 15906.423099481,0.020889693,15906.423224273,15906.444158773
R436: 15907.059471648,0.039060482,15907.059591273,15907.098697648
R437: 15907.448828023,0.008548012,15907.448882940,15907.457454440
R438: 15907.569149440,0.040826387,15907.569256023,15907.610100648
R439: 15907.981718940,0.226737404,15907.981809982,15908.208594065
R440: 15908.325705482,0.148382721,15908.325742482,15908.474157399
R441: 15908.798825815,0.084034730,15908.798857232,15908.882926315
R442: 15909.112204982,0.081659840,15909.112278899,15909.193972982
R443: 15909.293764691,0.072056434,15909.293829899,15909.365920941
R444: 15909.468320107,0.002493281,15909.468358774,15909.470879232
R445: 15909.746975899,0.076296447,15909.747139149,15909.823480149
R446: 15910.099721857,0.012951393,15910.099780274,15910.112788066
R447: 15910.137209024,0.125202070,15910.137351691,15910.262587941
R448: 15910.191806857,0.110766736,15910.262634524,15910.373439649
R449: 15910.656803566,0.091561132,15910.656859983,15910.748446024
R450: 15910.707686191,0.009297973,15910.748478608,15910.757786691
R451: 15910.801588816,0.008987083,15910.801665024,15910.810668066
R452: 15911.349913858,0.026262490,15911.349973566,15911.376252983
R453: 15911.513322525,0.028275600,15911.513379691,15911.541683483
R454: 15911.569048525,0.244790131,15911.569138691,15911.813941317
R455: 15911.837072733,0.058922750,15911.837135983,15911.896089192
R456: 15911.899845483,0.229528608,15911.899924275,15912.129482400
R457: 15912.276706692,0.029082675,15912.276748817,15912.305864608
R458: 15912.315079483,0.086190487,15912.315145025,15912.401375817
R459: 15912.520941067,0.022089206,15912.520978067,15912.543100317
R460: 15913.037725817,0.082710182,15913.037760359,15913.120521442
R461: 15913.318039067,0.139719161,15913.318093567,15913.457870484
R462: 15913.764908234,0.002405429,15913.764943401,15913.767376193
R463: 15914.136038234,0.080103459,15914.136108359,15914.216248484
R464: 15914.359254359,0.124094617,15914.359286276,15914.483407026
R465: 15914.720045901,0.006654906,15914.720223776,15914.726897735
R466: 15914.803747151,0.015801220,15914.803833026,15914.819650776
R467: 15915.333917860,0.037162712,15915.334067152,15915.371287818
R468: 15915.383374110,0.039663174,15915.383456902,15915.423160235
R469: 15915.529730568,0.008843556,15915.529793027,15915.538652193
R470: 15915.790455818,0.169660062,15915.790515485,15915.960190694
R471: 15915.889031652,0.009167440,15915.960216527,15915.969397444
R472: 15916.122945069,0.115430885,15916.122981985,15916.238437527
R473: 15916.532703485,0.038080263,15916.532764277,15916.570860069
R474: 15916.659936986,0.026476191,15916.659999402,15916.686493861
R475: 15916.785309611,0.005889536,15916.785378736,15916.791282236
R476: 15917.014227527,0.047165372,15917.014273319,15917.061464527
R477: 15917.593841778,0.093622276,15917.593890903,15917.687549403
R478: 15918.126598986,0.053164594,15918.126729861,15918.179932903
R479: 15918.281091028,0.021178193,15918.281151570,15918.302371445
R480: 15918.367609236,0.071643650,15918.367642778,15918.439301320
R481: 15918.438262903,0.011230528,15918.439331486,15918.450577736
R482: 15918.527885653,0.054518796,15918.527915528,15918.582455861
R483: 15918.873939820,0.017816219,15918.874056653,15918.891906487
R484: 15919.040290695,0.011930327,15919.040329320,15919.052301653
R485: 15919.529850154,0.017004067,15919.529904654,15919.546928362
R486: 15919.616622612,0.192527762,15919.616677654,15919.809247695
R487: 15919.617375945,0.137789786,15919.809287945,15919.947108904
R488: 15919.702578320,0.096936459,15919.947146737,15920.044094487
R489: 15919.965425362,0.003813391,15920.044118821,15920.047935654
R490: 15920.013679070,0.124325893,15920.047956487,15920.172332112
R491: 15920.816691821,0.164599143,15920.816784238,15920.981414571
R492: 15920.846747738,0.429100268,15920.981462363,15921.410579863
R493: 15920.904848571,0.091862017,15921.410608821,15921.502485321
R494: 15921.096911696,0.146953511,15921.502512363,15921.649479571
R495: 15921.253716071,0.103705698,15921.649525530,15921.753246280
R496: 15921.810900155,0.017920190,15921.810992446,15921.828927446
R497: 15921.940847030,0.014006342,15921.940897196,15921.954920155
R498: 15922.395961655,0.032611898,15922.396045780,15922.428714030
R499: 15922.676030238,0.063365515,15922.676107447,15922.739496363