R0: 14275.293467072,0.041792282,14275.293670863,14275.335785780
R1: 14277.127511364,0.133472361,14277.127617864,14277.261140823
R2: 14278.655997907,0.018340619,14278.656094740,14278.674462573
R3: 14281.082595866,0.121834002,14281.082708991,14281.204704491
R4: 14281.491595700,0.067280747,14281.491706200,14281.559068366
R5: 14281.817195283,0.082600447,14281.817304825,14281.900030867
R6: 14282.466797242,0.060026226,14282.466893450,14282.526995659
R7: 14282.920723159,0.206605284,14282.920829867,14283.127516909
R8: 14285.962267160,0.105279846,14285.962478327,14286.067880077
R9: 14286.972368286,0.077822206,14286.972676577,14287.050591952
R10: 14287.126076452,0.023186871,14287.126145911,14287.149363411
R11: 14287.142594411,0.135878569,14287.149412536,14287.285332369
R12: 14287.290242453,0.042700071,14287.290307828,14287.333037619
R13: 14287.460712203,0.009599690,14287.460817244,14287.470440994
R14: 14287.599871036,0.020519092,14287.600057619,14287.621705703
R15: 14294.435443414,0.152254022,14294.435965997,14294.588358289
R16: 14295.155259956,0.029251819,14295.155379039,14295.184705456
R17: 14296.104573956,0.061911745,14296.104719956,14296.166715206
R18: 14297.119629582,0.300301707,14297.119763248,14297.420155290
R19: 14297.800208165,0.122966374,14297.800321499,14297.923418582
R20: 14298.146963582,0.122441784,14298.147092207,14298.269607874
R21: 14298.895775832,0.185106382,14298.895877916,14299.081072791
R22: 14299.407170374,0.036214346,14299.407303041,14299.443621041
R23: 14299.740467458,0.209469418,14299.740652208,14299.950216458
R24: 14301.389507542,0.248530295,14301.389648709,14301.638330250
R25: 14301.462066167,0.007498817,14301.638417584,14301.645939792
R26: 14302.208777501,0.090695495,14302.208923834,14302.299716751
R27: 14302.422399084,0.035756765,14302.422541876,14302.458364751
R28: 14304.632031127,0.001685518,14304.632161043,14304.633883627
R29: 14304.698514627,0.005431190,14304.698615502,14304.704075377
R30: 14305.310622002,0.293993518,14305.310723419,14305.604761169
R31: 14305.583515502,0.158605897,14305.604835794,14305.763545211
R32: 14307.908552212,0.064667327,14307.908637545,14307.973368962
R33: 14308.218807087,0.119012774,14308.218867879,14308.337984504
R34: 14308.689273045,0.091815717,14308.689403795,14308.781329962
R35: 14309.408054254,0.003339386,14309.408166337,14309.411545879
R36: 14310.166681463,0.223818738,14310.166851213,14310.390776630
R37: 14310.742478130,0.106364391,14310.742577213,14310.849075755
R38: 14313.413573839,0.111787685,14313.413747756,14313.525622131
R39: 14313.748238923,0.036419261,14313.748332381,14313.784816506
R40: 14314.770019965,0.015124241,14314.770220423,14314.785421298
R41: 14315.934479841,0.176740891,14315.934583216,14316.111415174
R42: 14316.514599507,0.033415072,14316.514820757,14316.548333132
R43: 14318.281992300,0.186534418,14318.282077925,14318.468724967
R44: 14318.542105258,0.096708169,14318.542216425,14318.639052925
R45: 14318.973632342,0.074023904,14318.973773842,14319.047859509
R46: 14322.108114426,0.163058538,14322.108258343,14322.271388135
R47: 14323.179195677,0.214718708,14323.179254468,14323.394114260
R48: 14323.758339260,0.140511685,14323.758528927,14323.899163635
R49: 14324.266781719,0.201567058,14324.266958052,14324.468666094
R50: 14325.419690303,0.020260251,14325.419796761,14325.440102553
R51: 14326.078618053,0.210611091,14326.078761470,14326.289468803
R52: 14329.079549429,0.177429529,14329.079632096,14329.257115263
R53: 14329.239452096,0.047129321,14329.257175471,14329.304363430
R54: 14330.264249847,0.027498046,14330.264347972,14330.291915055
R55: 14331.230930806,0.030615517,14331.231111514,14331.261792597
R56: 14332.772961640,0.021360097,14332.773075306,14332.794480098
R57: 14333.365610307,0.026940672,14333.365689515,14333.392695057
R58: 14333.573431348,0.044892751,14333.573567057,14333.618523765
R59: 14334.386528515,0.197754147,14334.386702557,14334.584485349
R60: 14334.572578432,0.011230092,14334.584561182,14334.595809724
R61: 14334.681614057,0.119091536,14334.681703182,14334.800886599
R62: 14335.365782307,0.227785778,14335.365855557,14335.593767558
R63: 14339.549191809,0.040265961,14339.549286351,14339.589622268
R64: 14340.702772435,0.038326362,14340.702869768,14340.741257685
R65: 14342.088331352,0.022025512,14342.088499102,14342.110587477
R66: 14342.436895269,0.023354999,14342.437063103,14342.460519228
R67: 14343.315271186,0.109776884,14343.315404770,14343.425290020
R68: 14343.480711978,0.131442623,14343.480799020,14343.612346645
R69: 14343.614900228,0.113897644,14343.614962978,14343.728944728
R70: 14343.794215020,0.249817922,14343.794274562,14344.044193228
R71: 14343.871789062,0.061435961,14344.044273353,14344.105798978
R72: 14343.925878395,0.022876576,14344.105875395,14344.128807853
R73: 14344.119829812,0.109934426,14344.128861187,14344.238891312
R74: 14345.718421021,0.285300052,14345.718528896,14346.003901646
R75: 14346.787316105,0.118834345,14346.787418688,14346.906352480
R76: 14347.807651105,0.012076079,14347.807795147,14347.819898022
R77: 14347.905953272,0.006788488,14347.906093105,14347.912907980
R78: 14348.640563189,0.019081617,14348.640702064,14348.659842022
R79: 14348.713157147,0.142750595,14348.713262772,14348.856108939
R80: 14349.332099147,0.117405886,14349.332158772,14349.449676730
R81: 14350.183928272,0.014312185,14350.184141481,14350.198507731
R82: 14350.237506439,0.019047417,14350.237601189,14350.256749064
R83: 14362.192320278,0.011172244,14362.192382861,14362.203580070
R84: 14364.399407612,0.004631131,14364.399709987,14364.404418487
R85: 14370.518510824,0.006256493,14370.518636865,14370.524943990
R86: 14372.563072450,0.213737334,14372.563172700,14372.777096533
R87: 14372.567322825,0.016575418,14372.777182658,14372.793775033
R88: 14373.468561283,0.041422586,14373.468685908,14373.510178908
R89: 14373.647426783,0.142758855,14373.647540075,14373.790405409
R90: 14376.089784951,0.067003772,14376.089902868,14376.156973618
R91: 14376.535399576,0.050210946,14376.535564368,14376.585872327
R92: 14377.401721702,0.008746722,14377.401801160,14377.410574202
R93: 14378.564642286,0.117991979,14378.564751786,14378.682865578
R94: 14379.321517327,0.404773926,14379.321586035,14379.726441202
R95: 14379.684448369,0.175047790,14379.726512244,14379.901690035
R96: 14380.544939202,0.082609206,14380.545145536,14380.627839661
R97: 14381.922763036,0.114795351,14381.922868078,14382.037730411
R98: 14381.958975161,0.216275041,14382.037784828,14382.254111953
R99: 14383.750364954,0.148173226,14383.750490246,14383.898796287
R100: 14385.816459913,0.113486719,14385.816614955,14385.930209205
R101: 14389.700784040,0.342517842,14389.700879915,14390.043522249
R102: 14392.037799500,0.057306599,14392.037911083,14392.095279625
R103: 14393.137254542,0.147668871,14393.137357625,14393.285092167
R104: 14393.316486917,0.006676690,14393.316593000,14393.323285584
R105: 14395.514424501,0.023756468,14395.514545335,14395.538367501
R106: 14396.563589668,0.021687048,14396.563740627,14396.585465168
R107: 14397.556643336,0.031755492,14397.556725711,14397.588516044
R108: 14398.762822878,0.021935080,14398.762942961,14398.784909544
R109: 14399.161660253,0.083549180,14399.161766503,14399.245340545
R110: 14399.239410545,0.087755157,14399.245390503,14399.333195295
R111: 14399.492692086,0.296387395,14399.492796920,14399.789303628
R112: 14400.208146253,0.065824460,14400.208281962,14400.274213379
R113: 14400.536928962,0.010018886,14400.537075504,14400.547120754
R114: 14401.807484421,0.074817692,14401.807600713,14401.882542754
R115: 14402.445923130,0.049958890,14402.445991713,14402.496034963
R116: 14405.334149381,0.156816735,14405.334236881,14405.491140506
R117: 14405.744272173,0.000269724,14405.744337256,14405.744632089
R118: 14406.314453631,0.076041764,14406.314523423,14406.390657256
R119: 14406.737609215,0.022202645,14406.737716882,14406.759968173
R120: 14408.528981132,0.054968019,14408.529170132,14408.584196257
R121: 14409.654521424,0.030314972,14409.654622341,14409.684965132
R122: 14410.312381466,0.016797718,14410.312515591,14410.329374674
R123: 14411.557660883,0.003476892,14411.557746508,14411.561254300
R124: 14412.530740509,0.099222855,14412.530902384,14412.630193217
R125: 14413.065311676,0.084593125,14413.065466217,14413.150168176
R126: 14414.186208926,0.017008670,14414.186349343,14414.203384093
R127: 14414.612775218,0.082216686,14414.612913093,14414.695205426
R128: 14415.552257343,0.033171191,14415.552397510,14415.585678552
R129: 14416.864490261,0.018826112,14416.864621177,14416.883490886
R130: 14418.213388178,0.096200836,14418.213686761,14418.309954261
R131: 14420.750720429,0.024784717,14420.750882096,14420.775693721
R132: 14421.809726096,0.007643717,14421.809863180,14421.817554846
R133: 14422.570155638,0.174891430,14422.570265972,14422.745339389
R134: 14422.872086639,0.008202441,14422.872318097,14422.880552555
R135: 14424.031181389,0.037399304,14424.031333639,14424.068805639
R136: 14424.149857973,0.074955147,14424.149945139,14424.224955014
R137: 14425.009640223,0.028397528,14425.009748390,14425.038229681
R138: 14426.108103265,0.028350865,14426.108256849,14426.136709265
R139: 14427.603341724,0.017534470,14427.603431641,14427.621074141
R140: 14428.003417391,0.000298749,14428.003599349,14428.003939474
R141: 14432.161744351,0.033557298,14432.161893560,14432.195520976
R142: 14433.918630727,0.047798551,14433.918736561,14433.966569186
R143: 14434.127999852,0.209370590,14434.128150936,14434.337628019
R144: 14437.313559521,0.100074629,14437.313663771,14437.413846062
R145: 14438.761347105,0.096473361,14438.761461063,14438.858076563
R146: 14438.891158396,0.124035930,14438.891301188,14439.015430938
R147: 14439.375521479,0.206682726,14439.375588396,14439.582396396
R148: 14442.241239356,0.018965723,14442.241342147,14442.260343814
R149: 14444.221291315,0.066180511,14444.221461773,14444.287706190
R150: 14445.799698816,0.196097317,14445.799815274,14445.996060441
R151: 14446.152778816,0.172608872,14446.152945482,14446.325717191
R152: 14448.556981234,0.071541047,14448.557178067,14448.628792484
R153: 14449.246695651,0.026673576,14449.246822651,14449.273527526
R154: 14449.424505901,0.056504935,14449.424614276,14449.481162109
R155: 14451.424017318,0.157507707,14451.424141985,14451.581757735
R156: 14452.047196402,0.028664575,14452.047298527,14452.076047652
R157: 14452.732525527,0.096048158,14452.732644569,14452.828754527
R158: 14452.931622194,0.012477364,14452.931769569,14452.944272611
R159: 14454.232107236,0.056508694,14454.232288861,14454.288861945
R160: 14455.156398278,0.107355652,14455.156564028,14455.264137570
R161: 14456.977637488,0.020915372,14456.977735779,14456.998684821
R162: 14457.174082113,0.010772069,14457.174155571,14457.184957404
R163: 14457.864418905,0.037248242,14457.864547405,14457.901869655
R164: 14458.013391030,0.223892413,14458.013579321,14458.237529863
R165: 14458.406310905,0.081092802,14458.406437947,14458.487595405
R166: 14460.797760948,0.142037500,14460.797898864,14460.940061239
R167: 14462.610891532,0.033993805,14462.610990449,14462.645182740
R168: 14463.296340116,0.089614816,14463.296510324,14463.386183907
R169: 14463.797909658,0.024968997,14463.798094241,14463.823104908
R170: 14464.736896658,0.006275917,14464.737078450,14464.743411491
R171: 14464.901061825,0.086822906,14464.901203783,14464.988105783
R172: 14465.015337200,0.028337998,14465.015450741,14465.043842241
R173: 14465.467389825,0.007964470,14465.467520117,14465.475513700
R174: 14465.870044742,0.227135284,14465.870150575,14466.097348867
R175: 14466.427627825,0.025709385,14466.427735284,14466.453477159
R176: 14467.303811826,0.119545955,14467.303891826,14467.423529659
R177: 14468.379042993,0.014259264,14468.379114576,14468.393416076
R178: 14469.047503952,0.081883751,14469.047633285,14469.129567160
R179: 14471.193564827,0.019416368,14471.193666910,14471.213137868
R180: 14471.922968160,0.046289440,14471.923139994,14471.969508785
R181: 14472.738624036,0.041793032,14472.738701661,14472.780599952
R182: 14474.510364078,0.032878761,14474.510468870,14474.543407662
R183: 14474.790683995,0.084826644,14474.790780120,14474.875692578
R184: 14476.098359287,0.034404729,14476.098464121,14476.132965454
R185: 14480.287960206,0.012189072,14480.288130498,14480.300367748
R186: 14482.567183499,0.000451935,14482.567292582,14482.567779874
R187: 14483.096306207,0.124077562,14483.096427707,14483.220598499
R188: 14484.625650208,0.010149362,14484.625763041,14484.635962250
R189: 14484.973540375,0.106380353,14484.973685125,14485.080190917
R190: 14486.980180793,0.049684271,14486.980281834,14487.030077751
R191: 14487.030713793,0.102557517,14487.030750168,14487.133399001
R192: 14491.334022711,0.053521043,14491.334158920,14491.387795795
R193: 14491.571082878,0.008218928,14491.571221003,14491.579467003
R194: 14493.575138921,0.040226466,14493.575289379,14493.615552087
R195: 14493.680162379,0.089197873,14493.680280837,14493.769545921
R196: 14494.039539129,0.011768372,14494.039675296,14494.051499588
R197: 14495.695689755,0.004575184,14495.695822130,14495.700444255
R198: 14495.748695338,0.126506883,14495.748775547,14495.875335505
R199: 14496.360821755,0.048700068,14496.360922839,14496.409711714
R200: 14497.538921214,0.074226036,14497.539074006,14497.613363798
R201: 14497.665849423,0.062900681,14497.666049673,14497.729034881
R202: 14498.530269465,0.037440555,14498.530380215,14498.567934923
R203: 14499.434916673,0.182977967,14499.434981215,14499.618076382
R204: 14499.797849632,0.015509421,14499.797953423,14499.813494048
R205: 14500.445434299,0.062167882,14500.445567132,14500.507814299
R206: 14501.386511924,0.075568852,14501.386652049,14501.462297216
R207: 14502.351478800,0.147569152,14502.351836508,14502.499534675
R208: 14502.617784925,0.008672466,14502.617968675,14502.626668591
R209: 14502.690622508,0.015492281,14502.690711633,14502.706232133
R210: 14505.264214843,0.021293823,14505.264612468,14505.286058926
R211: 14505.921692635,0.028638176,14505.921839135,14505.950512260
R212: 14507.674994927,0.175501085,14507.675085385,14507.850751344
R213: 14508.117081469,0.140575489,14508.117249094,14508.257885844
R214: 14508.539281719,0.003083639,14508.539398094,14508.542536094
R215: 14509.616300970,0.125519809,14509.616397928,14509.741985303
R216: 14509.914119553,0.150710138,14509.914224178,14510.065068970
R217: 14510.897702012,0.020813021,14510.897845554,14510.918678095
R218: 14511.266303304,0.078990814,14511.266398846,14511.345518012
R219: 14511.487673012,0.093559683,14511.487784637,14511.581466096
R220: 14511.604049471,0.105920449,14511.604089512,14511.710133262
R221: 14513.128632680,0.042733917,14513.128761138,14513.171559596
R222: 14513.352354222,0.047431361,14513.352588263,14513.400106555
R223: 14513.731833305,0.040612532,14513.732048263,14513.772726055
R224: 14513.994712430,0.014007649,14513.994845430,14514.008898222
R225: 14514.756023347,0.001223888,14514.756147931,14514.757400264
R226: 14515.566788681,0.040128110,14515.566910639,14515.607093514
R227: 14516.045360639,0.111429396,14516.045461764,14516.157029056
R228: 14516.409985806,0.087404017,14516.410126640,14516.497610140
R229: 14516.711930306,0.210052319,14516.712090265,14516.922261807
R230: 14517.515831765,0.138300152,14517.515913390,14517.654332349
R231: 14518.674337349,0.031157871,14518.674533724,14518.705718224
R232: 14519.871349433,0.000501906,14519.871485933,14519.872100266
R233: 14520.909667392,0.154776679,14520.909805725,14521.064681059
R234: 14521.671192184,0.085763216,14521.671331892,14521.757202309
R235: 14522.634898309,0.042667339,14522.634967643,14522.677708518
R236: 14523.365880060,0.105744020,14523.365962935,14523.471768268
R237: 14523.815683685,0.094385098,14523.815795018,14523.910321060
R238: 14525.434818061,0.002787148,14525.434920644,14525.437736602
R239: 14525.600850394,0.096456389,14525.600978394,14525.697497269
R240: 14525.666615852,0.080403879,14525.697553602,14525.778061811
R241: 14525.874471227,0.069911563,14525.874579436,14525.944527436
R242: 14527.079595728,0.000477125,14527.079695145,14527.080467020
R243: 14527.080841936,0.025269116,14527.080956853,14527.106251895
R244: 14527.445187020,0.162400067,14527.445243145,14527.607739603
R245: 14528.511136812,0.034797481,14528.511254645,14528.546114312
R246: 14528.711181937,0.176003560,14528.711344646,14528.887448896
R247: 14529.811981437,0.031312931,14529.812180021,14529.843516812
R248: 14530.871520980,0.017176687,14530.871665021,14530.888866271
R249: 14533.034655481,0.058341101,14533.034784106,14533.093172439
R250: 14533.205711647,0.093828717,14533.205778397,14533.299664897
R251: 14534.971687982,0.017674530,14534.971850648,14534.989556107
R252: 14537.317050983,0.102033543,14537.317182733,14537.419301649
R253: 14537.818915608,0.066061677,14537.819060650,14537.885255816
R254: 14539.851594442,0.224616627,14539.851731609,14540.076477192
R255: 14541.194840693,0.217625135,14541.194980068,14541.412712943
R256: 14541.460454526,0.225779282,14541.460602901,14541.686466068
R257: 14542.262344943,0.067019302,14542.262407485,14542.329549318
R258: 14542.944504610,0.133972330,14542.944633944,14543.078730652
R259: 14545.744291195,0.075218972,14545.744404195,14545.819756070
R260: 14547.427219029,0.446681774,14547.427290946,14547.874108196
R261: 14548.497942446,0.032696953,14548.498073863,14548.530798613
R262: 14551.244699531,0.074128613,14551.244795198,14551.318992323
R263: 14553.319374449,0.118691829,14553.319467657,14553.438223907
R264: 14554.335011116,0.132025592,14554.335157074,14554.467319907
R265: 14555.828704450,0.077274834,14555.828799533,14555.906166908
R266: 14556.133764908,0.015222262,14556.133894492,14556.149150408
R267: 14556.769899700,0.166926171,14556.770117950,14556.937127200
R268: 14558.357178201,0.090989853,14558.357302826,14558.448352618
R269: 14560.421069034,0.078891687,14560.421186618,14560.500144701
R270: 14560.953061076,0.086444437,14560.953175993,14561.039720243
R271: 14561.861807243,0.013380847,14561.861979785,14561.875401535
R272: 14562.635403869,0.002793244,14562.635494785,14562.638355452
R273: 14563.500699702,0.060843650,14563.500965952,14563.561844911
R274: 14564.707877620,0.060308965,14564.707977620,14564.768406745
R275: 14566.495469412,0.056081006,14566.495579537,14566.551767787
R276: 14566.615137537,0.004142938,14566.615345829,14566.619511579
R277: 14567.329329246,0.040464810,14567.329435079,14567.369971246
R278: 14569.013314247,0.050141945,14569.013491997,14569.063696080
R279: 14570.028607914,0.044405254,14570.028702289,14570.073190289
R280: 14570.184249206,0.043513943,14570.184373081,14570.227948372
R281: 14570.468196456,0.105368271,14570.468374581,14570.573810331
R282: 14570.486048039,0.139696945,14570.573863664,14570.713692498
R283: 14571.338815998,0.049327648,14571.338951040,14571.388364790
R284: 14572.212877748,0.444320224,14572.212938623,14572.657362790
R285: 14572.861880082,0.006430193,14572.862072374,14572.868529124
R286: 14572.922628749,0.075792762,14572.922740040,14572.998564624
R287: 14573.946565457,0.020682449,14573.946716166,14573.967446582
R288: 14574.198612624,0.214219232,14574.198709833,14574.413083583
R289: 14575.194194541,0.051790173,14575.194327708,14575.246189958
R290: 14576.533551750,0.158419773,14576.533711209,14576.692252000
R291: 14577.111015959,0.247848552,14577.111125292,14577.359126834
R292: 14580.161663710,0.121397958,14580.161831127,14580.283344877
R293: 14582.455330545,0.064122684,14582.455410628,14582.519599712
R294: 14582.861300295,0.054102362,14582.861408712,14582.915583420
R295: 14583.108884962,0.052306267,14583.109041004,14583.161438545
R296: 14586.101308005,0.284972910,14586.101427005,14586.386540005
R297: 14588.258472006,0.051046767,14588.258683214,14588.309824464
R298: 14588.461730631,0.121195733,14588.461800173,14588.583091173
R299: 14589.976999590,0.024820615,14589.977135923,14590.001988798
R300: 14592.328762674,0.275881101,14592.328837883,14592.604869799
R301: 14593.762737967,0.042899844,14593.762863675,14593.805856508
R302: 14594.166166633,0.067370140,14594.166387300,14594.233875550
R303: 14594.989093676,0.017665880,14594.989188134,14595.006882676
R304: 14595.962584843,0.037204279,14595.962685551,14595.999976718
R305: 14596.613360343,0.206931689,14596.613485301,14596.820536176
R306: 14597.674523677,0.077731781,14597.674625635,14597.752463719
R307: 14597.911296760,0.009690338,14597.911422385,14597.921150385
R308: 14599.917675261,0.018491478,14599.917799303,14599.936329761
R309: 14600.385527261,0.074848780,14600.385674511,14600.460565511
R310: 14601.425589554,0.075598633,14601.425701637,14601.501395220
R311: 14602.554509262,0.068580317,14602.554643596,14602.623244138
R312: 14602.615290346,0.023158156,14602.623294763,14602.646504638
R313: 14603.444629555,0.035112726,14603.444756096,14603.479934805
R314: 14603.463802430,0.214415078,14603.479987180,14603.694509971
R315: 14603.472951638,0.122721876,14603.694592930,14603.817376638
R316: 14604.392897138,0.225594891,14604.393074972,14604.618796680
R317: 14606.575217389,0.049514480,14606.575333889,14606.624914723
R318: 14606.765975806,0.132156171,14606.766119681,14606.898382598
R319: 14607.435089098,0.281006089,14607.435166223,14607.716271390
R320: 14608.454093140,0.028880648,14608.454184640,14608.483129849
R321: 14608.623091349,0.037979199,14608.623233265,14608.661340390
R322: 14610.762065850,0.114740813,14610.762185391,14610.877056350
R323: 14613.059136267,0.026567590,14613.059232267,14613.085828726
R324: 14613.705181559,0.010873320,14613.705292809,14613.716244226
R325: 14616.636076686,0.081335502,14616.636207436,14616.717608978
R326: 14618.643804853,0.215345508,14618.643946145,14618.859401437
R327: 14619.912223854,0.027640083,14619.912349854,14619.940126687
R328: 14620.115813187,0.018905976,14620.116095604,14620.135066437
R329: 14620.298934646,0.016156214,14620.299101021,14620.315307104
R330: 14621.282942104,0.021515869,14621.283085646,14621.304632563
R331: 14621.418575271,0.001163607,14621.418681938,14621.419877104
R332: 14624.355366439,0.010651769,14624.355504314,14624.366231273
R333: 14624.530871648,0.087139496,14624.530966273,14624.618157314
R334: 14625.150626856,0.008859430,14625.150801481,14625.159691023
R335: 14627.618495899,0.006097480,14627.618664441,14627.624798774
R336: 14628.571120775,0.057169538,14628.571319941,14628.628559150
R337: 14629.071736150,0.028914627,14629.071862816,14629.100806608
R338: 14629.645651150,0.202905526,14629.645748150,14629.848707692
R339: 14629.926182525,0.017633082,14629.926253900,14629.943918817
R340: 14630.761392276,0.047113199,14630.761536776,14630.808685484
R341: 14630.796841151,0.116659787,14630.808739651,14630.925487026
R342: 14632.478415193,0.516638985,14632.478524026,14632.995221860
R343: 14632.919168818,0.061782423,14632.995284527,14633.057159027
R344: 14632.955573277,0.090341078,14633.057227860,14633.147589652
R345: 14633.179974152,0.033077153,14633.180079152,14633.213186318
R346: 14634.383383194,0.086705933,14634.383480611,14634.470235111
R347: 14636.585480695,0.004289169,14636.585634445,14636.589953237
R348: 14637.003402737,0.135519073,14637.003501112,14637.139042904
R349: 14638.459570696,0.095454817,14638.459659779,14638.555201363
R350: 14639.659418155,0.031277769,14639.659527822,14639.690833322
R351: 14642.005607073,0.029477230,14642.005735739,14642.035249989
R352: 14643.402064615,0.017463805,14643.402160657,14643.419683490
R353: 14645.059647241,0.004576690,14645.059818324,14645.064454949
R354: 14645.954166783,0.014259558,14645.954239200,14645.968529283
R355: 14646.061798366,0.012198323,14646.061868450,14646.074095741
R356: 14646.341842575,0.004983792,14646.341963200,14646.346994866
R357: 14647.231395242,0.242465375,14647.231444783,14647.473964784
R358: 14649.434689451,0.216099984,14649.434825992,14649.650981034
R359: 14649.492455117,0.024751465,14649.651082117,14649.675850326
R360: 14650.125634784,0.015410796,14650.125738534,14650.141174409
R361: 14651.010645035,0.053911722,14651.010751076,14651.064685785
R362: 14651.889244410,0.217050278,14651.889355285,14652.106431785
R363: 14653.579767744,0.072739371,14653.579870286,14653.652740036
R364: 14654.327578661,0.021266353,14654.327638661,14654.348956870
R365: 14655.634835412,0.083665688,14655.634954287,14655.718661954
R366: 14655.941781912,0.001399230,14655.941888287,14655.943323287
R367: 14656.715083912,0.035584547,14656.715172704,14656.750870162
R368: 14659.396420455,0.061621716,14659.396520955,14659.458208664
R369: 14659.626899330,0.030580686,14659.627066664,14659.657691789
R370: 14660.139525372,0.086334577,14660.139638497,14660.226033039
R371: 14661.278798831,0.026114367,14661.278919040,14661.305059956
R372: 14661.864747331,0.033733616,14661.864881123,14661.898640915
R373: 14663.079574290,0.118651962,14663.079672040,14663.198369665
R374: 14663.321704874,0.095888821,14663.321746957,14663.417685082
R375: 14663.620396999,0.155426936,14663.620550207,14663.776108957
R376: 14663.636859791,0.076516596,14663.776203082,14663.852749291
R377: 14665.550279958,0.091875026,14665.550416917,14665.642410208
R378: 14665.938255417,0.156989616,14665.938307750,14666.095359250
R379: 14666.686684709,0.024668382,14666.686811375,14666.711527459
R380: 14666.974813626,0.060194445,14666.974907334,14667.035146001
R381: 14667.051560792,0.078769406,14667.051604917,14667.130452251
R382: 14669.257277293,0.143518261,14669.257413918,14669.400970335
R383: 14670.014703002,0.111219963,14670.014827127,14670.126073044
R384: 14673.207972212,0.037183071,14673.208074129,14673.245285962
R385: 14673.629703295,0.002012711,14673.629844420,14673.631911087
R386: 14673.674757295,0.055664583,14673.674861295,14673.730554170
R387: 14673.679946712,0.102658390,14673.730608545,14673.833288046
R388: 14674.026576504,0.059006431,14674.026658087,14674.085688712
R389: 14675.742283713,0.006790816,14675.742386546,14675.749200755
R390: 14676.372583005,0.055080604,14676.372682213,14676.427786588
R391: 14676.585175880,0.003697035,14676.585271713,14676.589031380
R392: 14679.154290048,0.023404155,14679.154536173,14679.177979340
R393: 14679.243289131,0.078733011,14679.243403840,14679.322209881
R394: 14680.486048131,0.271565941,14680.486156798,14680.757795131
R395: 14680.583651381,0.015136222,14680.757869548,14680.773087298
R396: 14682.604702840,0.117987845,14682.604798757,14682.722842799
R397: 14683.250965716,0.000583715,14683.251057466,14683.251657799
R398: 14684.753995216,0.111129771,14684.754154800,14684.865341966
R399: 14685.618370217,0.213200587,14685.618496592,14685.831744842
R400: 14686.979990509,0.129123626,14686.980068467,14687.109210343
R401: 14687.081479176,0.008917222,14687.109265343,14687.118206176
R402: 14690.008425844,0.022795294,14690.008516552,14690.031343302
R403: 14690.330532969,0.008322297,14690.330631719,14690.338992677
R404: 14691.990072178,0.027053466,14691.990218720,14692.017300178
R405: 14693.363534596,0.231334719,14693.363595221,14693.595023346
R406: 14693.554530637,0.008473329,14693.595084554,14693.603595387
R407: 14694.985374096,0.155507747,14694.985517805,14695.141103471
R408: 14698.954613432,0.098263447,14698.954744640,14699.053100348
R409: 14699.372654598,0.047488733,14699.372790848,14699.420316348
R410: 14699.982552724,0.032628118,14699.982645224,14700.015331057
R411: 14701.044110308,0.011602872,14701.044242016,14701.055885266
R412: 14701.961772600,0.039567550,14701.961913891,14702.001517100
R413: 14702.046669933,0.089870812,14702.046745391,14702.136675558
R414: 14702.194044016,0.177164410,14702.194079766,14702.371292516
R415: 14702.315646183,0.019734627,14702.371351058,14702.391104600
R416: 14703.189075059,0.062721060,14703.189191017,14703.251951225
R417: 14704.292813809,0.239050658,14704.292914142,14704.532097851
R418: 14704.667424643,0.010850577,14704.667496143,14704.678390559
R419: 14706.129440727,0.060289528,14706.129561185,14706.189891893
R420: 14706.168595102,0.019808825,14706.189970185,14706.209801435
R421: 14706.678350060,0.014545511,14706.678448060,14706.693055894
R422: 14707.281158852,0.047394539,14707.281226935,14707.328654311
R423: 14707.649824227,0.087434370,14707.649926394,14707.737425852
R424: 14707.655395477,0.051650171,14707.737492769,14707.789178436
R425: 14707.790363561,0.126272257,14707.790405936,14707.916718602
R426: 14707.878391686,0.096179761,14707.916765436,14708.012996519
R427: 14709.419972019,0.168240922,14709.420075436,14709.588369227
R428: 14711.830587728,0.004027667,14711.830692562,14711.834778895
R429: 14711.895457228,0.016246722,14711.895525103,14711.911812812
R430: 14712.644380104,0.009666648,14712.644466895,14712.654164270
R431: 14715.273734480,0.075567841,14715.273889230,14715.349489897
R432: 14715.764901064,0.100425456,14715.764966314,14715.865433855
R433: 14716.782247647,0.043492661,14716.782341856,14716.825869856
R434: 14717.557595023,0.071832318,14717.557654023,14717.629539648
R435: 14719.286103107,0.020889693,14719.286227107,14719.307167982
R436: 14721.831596066,0.039060482,14721.831702025,14721.870814733
R437: 14723.389398192,0.008548012,14723.389555234,14723.398196317
R438: 14723.870636859,0.040826387,14723.870797234,14723.911659859
R439: 14725.520867277,0.226737404,14725.520968943,14725.747783110
R440: 14726.896526152,0.148382721,14726.896593527,14727.045058444
R441: 14728.789435611,0.084034730,14728.789562320,14728.873682111
R442: 14730.042900904,0.081659840,14730.042980612,14730.124671820
R443: 14730.769014404,0.072056434,14730.769080404,14730.841222737
R444: 14731.467127404,0.002493281,14731.467287571,14731.469820779
R445: 14732.581558155,0.076296447,14732.581621488,14732.657947780
R446: 14733.992079697,0.012951393,14733.992235697,14734.005236572
R447: 14734.141928947,0.125202070,14734.142108781,14734.267349906
R448: 14734.360100031,0.110766736,14734.360182697,14734.470974239
R449: 14736.219931157,0.091561132,14736.220124698,14736.311761782
R450: 14736.423500615,0.009297973,14736.423541240,14736.432856532
R451: 14736.799028782,0.008987083,14736.799122324,14736.808140615
R452: 14738.992844741,0.026262490,14738.992946158,14739.019243200
R453: 14739.647034033,0.028275600,14739.647107783,14739.675413449
R454: 14739.869924574,0.244790131,14739.870118491,14740.115040658
R455: 14740.942049158,0.058922750,14740.942228242,14741.001199533
R456: 14741.193128700,0.229528608,14741.193365325,14741.422986325
R457: 14742.700517451,0.029082675,14742.700605826,14742.729713326
R458: 14742.853933993,0.086190487,14742.854080076,14742.940299326
R459: 14743.677401868,0.022089206,14743.677566826,14743.699710160
R460: 14745.744394161,0.082710182,14745.744670702,14745.827423161
R461: 14746.865414994,0.139719161,14746.865528328,14747.005271328
R462: 14748.652635162,0.002405429,14748.652709370,14748.655138495
R463: 14750.136908996,0.080103459,14750.137064079,14750.217240913
R464: 14751.029722246,0.124094617,14751.029848538,14751.154046538
R465: 14752.472853705,0.006654906,14752.472945955,14752.479637372
R466: 14752.807467289,0.015801220,14752.807635581,14752.823470331
R467: 14754.927979707,0.037162712,14754.928147873,14754.965347832
R468: 14755.125352373,0.039663174,14755.125440540,14755.165179498
R469: 14755.710742082,0.008843556,14755.710843040,14755.719715915
R470: 14756.754197291,0.169660062,14756.754322457,14756.924095499
R471: 14757.148383041,0.009167440,14757.148479708,14757.157668499
R472: 14758.084013625,0.115430885,14758.084107375,14758.199570000
R473: 14759.723698126,0.038080263,14759.723801876,14759.761977167
R474: 14760.232675042,0.026476191,14760.232789584,14760.259316917
R475: 14760.734063126,0.005889536,14760.734137876,14760.740071209
R476: 14761.649595293,0.047165372,14761.649694668,14761.696899876
R477: 14763.967934419,0.093622276,14763.968123669,14764.061807461
R478: 14766.098780712,0.053164594,14766.098880295,14766.152093212
R479: 14766.716319046,0.021178193,14766.716417171,14766.737649046
R480: 14767.062386337,0.071643650,14767.062492421,14767.134190087
R481: 14767.344968421,0.011230528,14767.345051254,14767.356306588
R482: 14767.703472296,0.054518796,14767.703638213,14767.758198796
R483: 14769.087709922,0.017816219,14769.087817380,14769.105675797
R484: 14769.753661504,0.011930327,14769.753753088,14769.765726046
R485: 14771.711817339,0.017004067,14771.711919339,14771.728952547
R486: 14772.058942880,0.192527762,14772.059169339,14772.251760881
R487: 14772.061929630,0.137789786,14772.251838756,14772.389687089
R488: 14772.402687756,0.096936459,14772.402725006,14772.499737089
R489: 14773.454038923,0.003813391,14773.454162631,14773.458039923
R490: 14773.647035756,0.124325893,14773.647210340,14773.771594340
R491: 14776.858985049,0.164599143,14776.859149133,14777.023777174
R492: 14776.979072424,0.429100268,14777.023878341,14777.453059050
R493: 14777.211459883,0.091862017,14777.453126800,14777.545102508
R494: 14777.979688300,0.146953511,14777.979784133,14778.126779467
R495: 14778.606867592,0.103705698,14778.606953467,14778.710711592
R496: 14780.835630676,0.017920190,14780.835732468,14780.853679510
R497: 14781.356029218,0.014006342,14781.356072385,14781.370139010
R498: 14783.177245886,0.032611898,14783.177350052,14783.209987594
R499: 14784.297160178,0.063365515,14784.297328428,14784.360750095