[#WORKER#] 406.965176682 Worker Thread Alive!
R0: 406.962391599,0.050150738,406.962993224,407.013449849
R1: 407.268311849,0.160166834,407.268357932,407.428598641
R2: 407.523103224,0.022008743,407.523139808,407.545171558
[#WORKER#] 406.965176682 Still Alive!
R3: 407.927584016,0.146200803,407.927841058,408.074111266
R4: 407.995746641,0.080736896,408.074162308,408.154960808
R5: 408.050077599,0.099120536,408.155150058,408.254323683
R6: 408.158311975,0.072031471,408.254374016,408.326484266
R7: 408.234030225,0.247926341,408.326582308,408.574592558
R8: 408.741040891,0.126335815,408.741184850,408.867588475
R9: 408.909498142,0.093386647,408.909585517,409.002995975
R10: 408.935189142,0.027824246,409.003086517,409.030927100
R11: 408.938026767,0.163054283,409.030997433,409.194087433
R12: 408.962683517,0.051240085,409.194137475,409.245443183
R13: 408.991174392,0.011519628,409.245496308,409.257102267
R14: 409.014402767,0.024622911,409.257151933,409.281811558
[#WORKER#] 406.965176682 Still Alive!
R15: 410.153677309,0.182704826,410.153758434,410.336534601
R16: 410.275074226,0.035102183,410.336597559,410.371769184
R17: 410.433270434,0.074294094,410.433369726,410.507727851
R18: 410.602543434,0.360362048,410.602641517,410.963086726
R19: 410.716083226,0.147559649,410.963139393,411.110749434
R20: 410.773896851,0.146930141,411.110811768,411.257803434
R21: 410.898707143,0.222127658,411.257863559,411.480095809
R22: 410.984064684,0.043457215,411.480167768,411.523738934
R23: 411.039696851,0.251363301,411.523985434,411.775424143
[#WORKER#] 406.965176682 Still Alive!
R24: 411.314614309,0.298236354,411.775496768,412.073809310
R25: 411.326747643,0.008998581,412.073870726,412.082962518
R26: 411.451234684,0.108834594,412.083200893,412.192105851
R27: 411.486918559,0.042908118,412.192278810,412.235247476
R28: 411.855243018,0.002022622,412.235300268,412.237342851
R29: 411.866418101,0.006517428,412.237373435,412.245535476
R30: 411.968461976,0.352792222,412.245591643,412.598476768
R31: 412.013979851,0.190327077,412.598545185,412.788959352
R32: 412.401694810,0.077600792,412.789082477,412.866741768
R33: 412.453509227,0.142815329,412.866793268,413.009655560
R34: 412.532052102,0.110178861,413.009710852,413.119953519
R35: 412.651931060,0.004007263,413.120051310,413.124080102
R36: 412.778590102,0.268582486,413.124108227,413.392754602
R37: 412.874664477,0.127637269,413.392805685,413.520528227
R38: 413.319917019,0.134145222,413.520593727,413.654754394
R39: 413.375782144,0.043703113,413.654795061,413.698531644
R40: 413.546142560,0.018149090,413.698597352,413.716809519
R41: 413.740278477,0.212089070,413.740401936,413.952560311
[#WORKER#] 406.965176682 Still Alive!
R42: 413.837107477,0.040098087,413.952625852,413.992729144
R43: 414.131756311,0.223841302,414.131845686,414.355738936
R44: 414.175223727,0.116049803,414.355815061,414.471952894
R45: 414.247214811,0.088828685,414.472072769,414.560985519
R46: 414.769727936,0.195670245,414.769826936,414.965561686
R47: 414.948973394,0.257662450,414.965616186,415.223339895
R48: 415.045623186,0.168614022,415.223392145,415.392100186
R49: 415.130448603,0.241880469,415.392164228,415.634150895
R50: 415.322716728,0.024312301,415.634232061,415.658632645
R51: 415.432607311,0.252733310,415.658705311,415.911495228
[#WORKER#] 406.965176682 Still Alive!
R52: 415.932833270,0.212915435,415.932876228,416.145807812
R53: 415.959517395,0.056555185,416.145843062,416.202432103
R54: 416.130328437,0.032997655,416.202501020,416.235576687
R55: 416.291480103,0.036738621,416.291579145,416.328419145
R56: 416.548558437,0.025632117,416.548678645,416.574377604
R57: 416.647429187,0.032328807,416.647671229,416.680110937
R58: 416.682162854,0.053871302,416.682223312,416.736146687
R59: 416.817753895,0.237304976,416.825296687,417.062661020
R60: 416.848904895,0.013476110,417.062711354,417.076224770
R61: 416.867937979,0.142909843,417.076265645,417.219237187
R62: 416.982078812,0.273342934,417.219291271,417.492698562
R63: 417.679465479,0.048319153,417.679616854,417.727967937
R64: 417.871917521,0.045991634,417.872079521,417.918132271
[#WORKER#] 406.965176682 Still Alive!
R65: 418.102972646,0.026430614,418.103196646,418.129689479
R66: 418.161309146,0.028025999,418.161567688,418.189639938
R67: 418.307812021,0.131732261,418.307933313,418.439734646
R68: 418.335558729,0.157731147,418.439789729,418.597570521
R69: 418.357969938,0.136677173,418.597623313,418.734356771
R70: 418.387992229,0.299781507,418.734417980,419.055394730
R71: 418.401057563,0.073723153,419.055477688,419.129287730
R72: 418.410153229,0.027451891,419.129344355,419.156811563
R73: 418.442597729,0.131921311,419.156866938,419.289281563
R74: 418.709074730,0.342360062,419.289402438,419.631872563
R75: 418.887302146,0.142601214,419.631995272,419.774656480
R76: 419.057638438,0.014491295,419.774708397,419.789244730
R77: 419.074181188,0.008146186,419.789293438,419.797462480
R78: 419.196696480,0.022897940,419.797496563,419.820428813
[#WORKER#] 406.965176682 Still Alive!
R79: 419.209189605,0.171300714,419.820468147,419.991826480
R80: 419.312531480,0.140887063,419.991866022,420.132846314
R81: 419.455708813,0.017174622,420.132916855,420.150112855
R82: 419.464709813,0.022856900,420.150155605,420.173031480
R83: 421.457267898,0.013406693,421.457359439,421.470807356
R84: 421.825221398,0.005557357,421.825327856,421.830984148
[#WORKER#] 406.965176682 Still Alive!
R85: 422.845176023,0.007507791,422.845306273,422.852857023
R86: 423.186088273,0.256484801,423.186218232,423.442770482
R87: 423.186911732,0.019890502,423.442888690,423.462844399
R88: 423.337173023,0.049707103,423.462896565,423.512662315
R89: 423.366905732,0.171310626,423.512717065,423.684140232
R90: 423.774036607,0.080404527,423.774145024,423.854633732
R91: 423.848337190,0.060253135,423.854787440,423.915149065
[#WORKER#] 406.965176682 Still Alive!
R92: 423.992813357,0.010496066,423.992895982,424.003417232
R93: 424.186738024,0.141590375,424.186883566,424.328504899
R94: 424.313049066,0.485728711,424.328567274,424.814348524
R95: 424.373701941,0.210057348,424.814410441,425.024603108
R96: 424.517273899,0.099131047,425.024730899,425.123984566
R97: 424.747061816,0.137754422,425.124233691,425.262081983
R98: 424.753140316,0.259530049,425.262176316,425.521777108
R99: 425.051743774,0.177807872,425.521843358,425.699772233
R100: 425.396403524,0.136184063,425.699867150,425.836102691
[#WORKER#] 406.965176682 Still Alive!
R101: 426.043907566,0.411021411,426.043981775,426.455104191
R102: 426.438583858,0.068767919,426.455154858,426.523987816
R103: 426.621957983,0.177202645,426.622146816,426.799445066
R104: 426.651983733,0.008012028,426.799510608,426.807546524
R105: 427.018342983,0.028507762,427.018465858,427.047064816
R106: 427.193305858,0.026024458,427.193381275,427.219472733
R107: 427.358904983,0.038106591,427.359241566,427.397416566
R108: 427.560310775,0.026322096,427.560396566,427.586766942
R109: 427.629590525,0.100259016,427.629698983,427.730075983
R110: 427.642543233,0.105306188,427.730173483,427.835502275
[#WORKER#] 406.965176682 Still Alive!
R111: 427.684779858,0.355664874,427.835556983,428.191274108
R112: 427.803983525,0.078989352,428.191328567,428.270379817
R113: 427.858855983,0.012022664,428.270432067,428.282476275
R114: 428.070666733,0.089781231,428.282508692,428.372307442
R115: 428.177082733,0.059950668,428.372336359,428.432309400
R116: 428.658549192,0.188180083,428.658639484,428.846861650
R117: 428.726994484,0.000323669,428.846926650,428.847268650
R118: 428.822081484,0.091250117,428.847353525,428.938631025
R119: 428.892629025,0.026643174,428.938671775,428.965333109
R120: 429.191222984,0.065961623,429.191300192,429.257313901
R121: 429.379707234,0.036377967,429.379751109,429.416152109
R122: 429.489356192,0.020157261,429.489409484,429.509590567
R123: 429.696944776,0.004172271,429.696990276,429.701180693
R124: 429.859165651,0.119067426,429.859242526,429.978350234
[#WORKER#] 406.965176682 Still Alive!
R125: 429.949666484,0.101511750,429.978405068,430.079958984
R126: 430.136499901,0.020410404,430.136537151,430.156968151
R127: 430.207601818,0.098660023,430.207682651,430.306359359
R128: 430.364199484,0.039805429,430.364264151,430.404102276
R129: 430.582951860,0.022591335,430.583068276,430.605682735
R130: 430.807898068,0.115441003,430.808094318,430.923554943
R131: 431.230823527,0.029741660,431.230867110,431.260627652
R132: 431.407368693,0.009172460,431.407643693,431.416857985
R133: 431.534190902,0.209869716,431.534280193,431.744304193
R134: 431.584590985,0.009842929,431.744483193,431.754358652
R135: 431.777821069,0.044879165,431.777858277,431.822754235
R136: 431.797530902,0.089946177,431.822792402,431.912777485
R137: 431.940857735,0.034077034,431.940953319,431.975051819
[#WORKER#] 406.965176682 Still Alive!
R138: 432.124057902,0.034021039,432.124228610,432.158338152
R139: 432.373421860,0.021041364,432.373642985,432.394740985
R140: 432.440420277,0.000358499,432.440479902,432.440857027
R141: 433.134079277,0.040268758,433.134156194,433.174573028
R142: 433.427694569,0.057358261,433.427833236,433.485275028
R143: 433.463257069,0.251244708,433.485351319,433.736783403
[#WORKER#] 406.965176682 Still Alive!
R144: 433.994241653,0.120089555,433.994513986,434.114732278
R145: 434.235740236,0.115768033,434.235958028,434.351947861
R146: 434.257570945,0.148843116,434.352118945,434.501139986
R147: 434.338497695,0.248019272,434.501220070,434.749322653
R148: 434.816312070,0.022758868,434.816495195,434.839328945
R149: 435.147217612,0.079416613,435.147405612,435.226883070
R150: 435.410485029,0.235316781,435.410648237,435.646094404
R151: 435.469500695,0.207130646,435.646191570,435.853381237
R152: 435.870424195,0.085849256,435.870465820,435.956428154
[#WORKER#] 406.965176682 Still Alive!
R153: 435.985434404,0.032008291,435.985545071,436.017583154
R154: 436.015191321,0.067805922,436.017677446,436.085551112
R155: 436.348561529,0.189009248,436.348669779,436.537749196
R156: 436.452504029,0.034397491,436.537814529,436.572241779
R157: 436.566802821,0.115257790,436.572295154,436.687618071
R158: 436.600102237,0.014972837,436.687723113,436.702709279
R159: 436.816944113,0.067810432,436.817219613,436.885092113
R160: 436.971319946,0.128826783,436.971429904,437.100334779
R161: 437.274961446,0.025098446,437.275084196,437.300260279
R162: 437.307829904,0.012926483,437.307978113,437.320949154
R163: 437.422947113,0.044697891,437.423097988,437.467838446
R164: 437.447820363,0.268670895,437.467893863,437.736649988
R165: 437.513334613,0.097311363,437.736714488,437.834131113
[#WORKER#] 406.965176682 Still Alive!
R166: 437.911967155,0.170445000,437.912079946,438.082648988
R167: 438.214244322,0.040792566,438.214363488,438.255231863
R168: 438.328679655,0.107537780,438.328774863,438.436335155
R169: 438.412381197,0.029962796,438.436391030,438.466372155
R170: 438.568937405,0.007531101,438.569141113,438.576704988
R171: 438.596456488,0.104187487,438.596525988,438.700735697
R172: 438.615553905,0.034005597,438.700814655,438.734841780
R173: 438.690956072,0.009557365,438.734915363,438.744492697
R174: 438.758242364,0.272562340,438.758292239,439.030877905
R175: 438.851223905,0.030851262,439.030954989,439.061819322
R176: 438.997395822,0.143455146,439.061870280,439.205361239
R177: 439.176761572,0.017111116,439.205438739,439.222633280
R178: 439.288312989,0.098260501,439.288415489,439.386700239
R179: 439.646091531,0.023299642,439.646152322,439.669507406
R180: 439.767721031,0.055547328,439.767804989,439.823404447
R181: 439.903767447,0.050151638,439.903881281,439.954054614
[#WORKER#] 406.965176682 Still Alive!
R182: 440.199185448,0.039454514,440.199270239,440.238789614
R183: 440.245980948,0.101791973,440.246097448,440.347944823
R184: 440.463932448,0.041285674,440.464089531,440.505448448
R185: 441.162427656,0.014626887,441.162656865,441.177329031
R186: 441.542497781,0.000542322,441.542574531,441.543141656
R187: 441.631446073,0.148893074,441.631538823,441.780471490
R188: 441.886414115,0.012179235,441.886495948,441.898741073
[#WORKER#] 406.965176682 Still Alive!
R189: 441.944480490,0.127656424,441.944562865,442.072271948
R190: 442.279014365,0.059621125,442.279165574,442.338886240
R191: 442.287567532,0.123069020,442.338949199,442.462132365
R192: 443.004787324,0.064225252,443.004869199,443.069136907
R193: 443.046603824,0.009862713,443.069203241,443.079078282
R194: 443.380737532,0.048271760,443.380821741,443.429123616
R195: 443.398314116,0.107037448,443.429177282,443.536254991
R196: 443.458222991,0.014122047,443.536337449,443.550481074
R197: 443.734326366,0.005490221,443.734371116,443.739886783
R198: 443.743182616,0.151808260,443.743219533,443.895047574
R199: 443.845228783,0.058440082,443.895096449,443.953560116
[#WORKER#] 406.965176682 Still Alive!
R200: 444.041616949,0.089071243,444.041710658,444.130840199
R201: 444.062876574,0.075480818,444.130890866,444.206420783
R202: 444.206994283,0.044928666,444.207165033,444.252167741
R203: 444.357829866,0.219573561,444.357924908,444.577521408
R204: 444.418371116,0.018611305,444.577601950,444.596229158
R205: 444.526322450,0.074601458,444.596259783,444.670909991
R206: 444.683190450,0.090682622,444.683265991,444.773971950
R207: 444.844034575,0.177082982,444.844077950,445.021200366
R208: 444.888425991,0.010406959,445.021267450,445.031690575
R209: 444.900574700,0.018590737,445.031717575,445.050350992
R210: 445.329532367,0.025552588,445.329631450,445.355210742
R211: 445.439145867,0.034365812,445.439195575,445.473580117
R212: 445.731421992,0.210601302,445.731499617,445.942170159
[#WORKER#] 406.965176682 Still Alive!
R213: 445.805168950,0.168690587,445.942238950,446.110958159
R214: 445.875593075,0.003700366,446.111156159,446.114870575
R215: 446.055052784,0.150623771,446.114895950,446.265647242
R216: 446.104766617,0.180852165,446.265728075,446.446628326
R217: 446.268789159,0.024975625,446.446679159,446.471667201
R218: 446.330239075,0.094788977,446.471712451,446.566555909
R219: 446.367131284,0.112271619,446.566606451,446.678903492
R220: 446.386604950,0.127104539,446.678963701,446.806103201
R221: 446.640790701,0.051280700,446.806153034,446.857472867
R222: 446.678129117,0.056917633,446.857519742,446.914449201
R223: 446.741417159,0.048735039,446.914477117,446.963253867
R224: 446.785286534,0.016809179,446.963305492,446.980138409
R225: 446.912184534,0.001468666,446.980166076,446.981652492
R226: 447.047325576,0.048153732,447.047377492,447.095563576
R227: 447.127101951,0.133715275,447.127144201,447.260919076
R228: 447.187910076,0.104884821,447.260977826,447.365912701
R229: 447.238350701,0.252062782,447.365970701,447.618064326
R230: 447.372416826,0.165960182,447.618141784,447.784164826
R231: 447.565557993,0.037389445,447.784224076,447.821669659
R232: 447.765184159,0.000602287,447.821721368,447.822343034
[#WORKER#] 406.965176682 Still Alive!
R233: 447.938328160,0.185732015,447.938488785,448.124252535
R234: 448.065345160,0.102915859,448.124302160,448.227250201
R235: 448.226048285,0.051200806,448.227306160,448.278574326
R236: 448.347992285,0.126892824,448.348360076,448.475305868
R237: 448.423326076,0.113262117,448.475364410,448.588678077
R238: 448.693251910,0.003344577,448.693348993,448.696730243
R239: 448.721040368,0.115747667,448.721173993,448.836975243
R240: 448.732077702,0.096484654,448.837093202,448.933617660
R241: 448.766761327,0.083893876,448.933679660,449.017632243
R242: 448.967668327,0.000572550,449.017695993,449.018272952
R243: 448.967946452,0.030322940,449.018300410,449.048661910
R244: 449.028686160,0.194880080,449.048714702,449.243634202
R245: 449.206311577,0.041756978,449.243681869,449.285453160
R246: 449.239718743,0.211204272,449.285503369,449.496731910
R247: 449.423252244,0.037575517,449.496810994,449.534410744
R248: 449.599970869,0.020612024,449.600073952,449.620707702
[#WORKER#] 406.965176682 Still Alive!
R249: 449.961615869,0.070009321,449.961677661,450.031751702
R250: 449.990215327,0.112594461,450.031806952,450.144512244
R251: 450.284607952,0.021209436,450.284772286,450.306041161
R252: 450.675618953,0.122440251,450.675772161,450.798316453
R253: 450.759399786,0.079274012,450.798383453,450.877741453
R254: 451.100481619,0.269539952,451.103686411,451.373285453
R255: 451.324461119,0.261150162,451.373356245,451.634541161
R256: 451.368812495,0.270935138,451.634656828,451.905653745
R257: 451.502547495,0.080423162,451.905708953,451.986212078
[#WORKER#] 406.965176682 Still Alive!
R258: 451.616332995,0.160766796,451.986287745,452.147113745
R259: 452.082965578,0.090262767,452.149634453,452.239960120
R260: 452.363593662,0.536018129,452.363784620,452.899859995
R261: 452.542236453,0.039236343,452.899913912,452.939206620
R262: 453.000188245,0.088954336,453.000323537,453.089361079
R263: 453.346562079,0.142430194,453.346633454,453.489174746
R264: 453.516464496,0.158430711,453.516619996,453.675157871
R265: 453.765506954,0.092729801,453.765565412,453.858357621
R266: 453.816383246,0.018266714,453.858422037,453.876768787
[#WORKER#] 406.965176682 Still Alive!
R267: 453.922449412,0.200311405,453.922540287,454.122911662
R268: 454.187096871,0.109187824,454.187190788,454.296405079
R269: 454.531192163,0.094670025,454.531300329,454.626084954
R270: 454.619985996,0.103733324,454.626161246,454.729958163
R271: 454.771562871,0.016057016,454.771659579,454.787785371
R272: 454.900593580,0.003351893,454.900685121,454.904073121
R273: 455.044910121,0.073012380,455.045033955,455.118111871
R274: 455.246210038,0.072370759,455.246362371,455.318800455
R275: 455.544226372,0.067297207,455.544339538,455.611702580
R276: 455.564851080,0.004971525,455.611764913,455.616756205
R277: 455.683959122,0.048557773,455.684099747,455.732741122
[#WORKER#] 406.965176682 Still Alive!
R278: 455.964821038,0.060170335,455.964904663,456.025108913
R279: 456.134133205,0.053286305,456.134199872,456.187514746
R280: 456.160157330,0.052216732,456.187564663,456.239820246
R281: 456.207544330,0.126441926,456.239866913,456.366363996
R282: 456.210507455,0.167636335,456.366419996,456.534152830
R283: 456.352681330,0.059193178,456.534226413,456.593478413
R284: 456.498473746,0.533184269,456.593531205,457.126776080
R285: 456.606740205,0.007716232,457.126857830,457.134578705
R286: 456.616921038,0.090951315,457.134608913,457.225604663
R287: 456.787601705,0.024818939,457.225683497,457.250521663
R288: 456.829670538,0.257063078,457.250553830,457.507669955
R289: 456.995602497,0.062148208,457.507748747,457.570099622
R290: 457.218970038,0.190103728,457.570181788,457.760360080
[#WORKER#] 406.965176682 Still Alive!
R291: 457.315448580,0.297418263,457.760424622,458.057874955
R292: 457.824059580,0.145677549,458.057918955,458.203656247
R293: 458.206488997,0.076947221,458.206595164,458.283592789
R294: 458.274250872,0.064922834,458.283645956,458.348604706
R295: 458.315581956,0.062767521,458.348655372,458.411446539
R296: 458.814382497,0.341967492,458.814478039,459.156606873
R297: 459.174559039,0.061256121,459.174634873,459.235949664
R298: 459.208541331,0.145434880,459.236090664,459.381594914
R299: 459.461173914,0.029784738,459.461232456,459.491076956
[#WORKER#] 406.965176682 Still Alive!
R300: 459.853254165,0.331057322,459.853432206,460.184577456
R301: 460.092501373,0.051479812,460.184664915,460.236193415
R302: 460.160211873,0.080844168,460.236243873,460.317113498
R303: 460.297455373,0.021199056,460.317166165,460.338380665
R304: 460.459744623,0.044645135,460.459787957,460.504452498
R305: 460.568133665,0.248318027,460.568194498,460.816578165
R306: 460.745088082,0.093278138,460.816691623,460.910057832
R307: 460.784698665,0.011628405,460.910133957,460.921793457
R308: 461.119103790,0.022189774,461.119149540,461.141359624
R309: 461.197098124,0.089818537,461.197141332,461.286978540
R310: 461.370455124,0.090718360,461.370499124,461.461272415
R311: 461.558641124,0.082296380,461.558720207,461.641106415
R312: 461.569384624,0.027789787,461.641166957,461.668996915
R313: 461.707684790,0.042135271,461.707720290,461.749872665
R314: 461.710912540,0.257298094,461.749916207,462.007236166
[#WORKER#] 406.965176682 Still Alive!
R315: 461.712467582,0.147266251,462.007288499,462.154572082
R316: 461.865840207,0.270713870,462.154597832,462.425328624
R317: 462.229589416,0.059417376,462.425367499,462.484798249
R318: 462.261292666,0.158587406,462.484822791,462.643426208
R319: 462.372811082,0.337207307,462.643452624,462.980684708
R320: 462.542668749,0.034656778,462.980760291,463.015433416
R321: 462.570833166,0.045575039,463.015462333,463.061072958
R322: 462.927360166,0.137688976,463.061097916,463.198804375
R323: 463.310248416,0.031881108,463.310291791,463.342200875
R324: 463.417939500,0.013047984,463.417984500,463.431051666
R325: 463.906455042,0.097602602,463.906507958,464.004137875
[#WORKER#] 406.965176682 Still Alive!
R326: 464.241090500,0.258414609,464.241185042,464.499622083
R327: 464.452530500,0.033168099,464.499677833,464.532858542
R328: 464.486524500,0.022687171,464.532888792,464.555582958
R329: 464.517046333,0.019387457,464.555609958,464.575040292
R330: 464.681046667,0.025819043,464.681107375,464.706942584
R331: 464.703663417,0.001396329,464.706968042,464.708375125
R332: 465.193047625,0.012782123,465.193084542,465.205884167
R333: 465.222309750,0.104567395,465.222355250,465.326933167
R334: 465.325611084,0.010631316,465.326960084,465.337595167
R335: 465.736940459,0.007316976,465.736979167,465.744316084
R336: 465.897920376,0.068603446,465.897972376,465.966611293
R337: 465.981396001,0.034697552,465.981441251,466.016152793
[#WORKER#] 406.965176682 Still Alive!
R338: 466.077067001,0.243486631,466.077126293,466.320630376
R339: 466.123736668,0.021159698,466.320667918,466.341841334
R340: 466.262951209,0.056535839,466.341865001,466.398447709
R341: 466.268870834,0.139991744,466.398493793,466.538554084
R342: 466.549170376,0.619966782,466.549245959,467.169237376
R343: 466.622680709,0.074138908,467.169314251,467.243470710
R344: 466.628809584,0.108409294,467.243509293,467.351934085
R345: 466.666231585,0.039692584,467.351965751,467.391672835
R346: 466.866827376,0.104047120,467.391696752,467.495763043
R347: 467.233779168,0.005147003,467.495791168,467.500953127
R348: 467.303440168,0.162622888,467.500978460,467.663616460
R349: 467.546086085,0.114545781,467.663642460,467.778203752
R350: 467.746066835,0.037533323,467.778229835,467.815778418
[#WORKER#] 406.965176682 Still Alive!
R351: 468.136992627,0.035372676,468.137113960,468.172505085
R352: 468.369827294,0.020956566,468.369886669,468.390859294
R353: 468.646095377,0.005492028,468.646153710,468.651663752
R354: 468.795181002,0.017111470,468.795239086,468.812365044
R355: 468.813038711,0.014637987,468.813072002,468.827721419
R356: 468.859723586,0.005980550,468.859780586,468.865772002
R357: 469.007995461,0.290958450,469.008036627,469.299037169
R358: 469.375244836,0.259319981,469.375292544,469.634627669
R359: 469.384889627,0.029701758,469.634659961,469.664373878
R360: 469.490433878,0.018492955,469.664398836,469.682895878
R361: 469.637851669,0.064694066,469.682921169,469.747638378
[#WORKER#] 406.965176682 Still Alive!
R362: 469.784303503,0.260460334,469.784338961,470.044816253
R363: 470.066072253,0.087287245,470.066110294,470.153409044
R364: 470.190722503,0.025519624,470.190807086,470.216338128
R365: 470.408663545,0.100398825,470.408753253,470.509177170
R366: 470.460441211,0.001679076,470.509252045,470.510947253
R367: 470.589251795,0.042701456,470.589318336,470.632036961
R368: 471.036182087,0.073946060,471.036245253,471.110223295
R369: 471.074646962,0.036696823,471.110282378,471.146995212
R370: 471.160088795,0.103601492,471.160134795,471.263751295
R371: 471.349975212,0.031337240,471.350024920,471.381379420
R372: 471.447664420,0.040480339,471.447733253,471.488234420
R373: 471.650184170,0.142382355,471.650236587,471.792640629
R374: 471.690484920,0.115066586,471.792693420,471.907815045
[#WORKER#] 406.965176682 Still Alive!
R375: 471.740275754,0.186512323,471.907870337,472.094399670
R376: 471.743048504,0.091819916,472.094432254,472.186264629
R377: 472.061981754,0.110250031,472.186294212,472.296558671
R378: 472.126764962,0.188387539,472.296584921,472.484985087
R379: 472.251508254,0.029602059,472.485034546,472.514641004
R380: 472.299542421,0.072233334,472.514663379,472.586911004
R381: 472.312245254,0.094523288,472.586934212,472.681481462
R382: 472.679892379,0.172221913,472.681533254,472.853776837
R383: 472.806186004,0.133463956,472.853829921,472.987306921
R384: 473.338443963,0.044619685,473.338490421,473.383128713
R385: 473.408741171,0.002415253,473.408778296,473.411205254
R386: 473.416261421,0.066797500,473.416306296,473.483118004
R387: 473.417137796,0.123190068,473.483146463,473.606352963
R388: 473.474916296,0.070807718,473.606381379,473.677204046
R389: 473.760903630,0.008148979,473.760956046,473.769127046
R390: 473.865971421,0.066096725,473.866038546,473.932153380
R391: 473.901332546,0.004436442,473.932188713,473.936640463
[#WORKER#] 406.965176682 Still Alive!
R392: 474.329537546,0.028084987,474.329672088,474.357787797
R393: 474.344329255,0.094479613,474.357851297,474.452343505
R394: 474.551443672,0.325879129,474.551507213,474.877404922
R395: 474.567725338,0.018163466,474.877439047,474.895618422
R396: 474.904576547,0.141585414,474.904652588,475.046252380
R397: 475.012303588,0.000700459,475.046281963,475.046984297
R398: 475.262808839,0.133355726,475.262858380,475.396230214
R399: 475.406876214,0.255840705,475.406917005,475.662770630
R400: 475.633837797,0.154948351,475.662802255,475.817766339
R401: 475.650777964,0.010700667,475.817791589,475.828526297
[#WORKER#] 406.965176682 Still Alive!
R402: 476.138640922,0.027354353,476.138743797,476.166140964
R403: 476.192254756,0.009986757,476.192338589,476.202337797
R404: 476.468875589,0.032464160,476.468958256,476.501451589
R405: 476.697875214,0.277601663,476.697969131,476.975596506
R406: 476.729707548,0.010167995,476.975657548,476.985857381
R407: 476.968240673,0.186609296,476.985883548,477.172506881
R408: 477.629873173,0.117916137,477.629941548,477.747889298
R409: 477.699600756,0.056986479,477.747940715,477.804972840
R410: 477.801294798,0.039153741,477.805039715,477.844231173
R411: 477.978228673,0.013923446,477.978276715,477.992234715
[#WORKER#] 406.965176682 Still Alive!
R412: 478.131186382,0.047481060,478.131244715,478.178747090
R413: 478.145342548,0.107844975,478.178784590,478.286650715
R414: 478.169918048,0.212597292,478.286674298,478.499306590
R415: 478.190195048,0.023681552,478.499344798,478.523037465
R416: 478.335801507,0.075265272,478.523061007,478.598337340
R417: 478.519791465,0.286860790,478.598368382,478.885258632
R418: 478.582232840,0.013020692,478.885287299,478.898321132
R419: 478.825916174,0.072347434,478.898350715,478.970709340
R420: 478.832461049,0.023770590,478.970732674,478.994506882
R421: 478.917440924,0.017454613,478.994537715,479.011994340
R422: 479.017918340,0.056873447,479.017956215,479.074848882
R423: 479.079390382,0.104921245,479.079434549,479.184369590
R424: 479.080341007,0.061980205,479.184394424,479.246434674
R425: 479.102853590,0.151526708,479.246490424,479.398060799
R426: 479.117541465,0.115415713,479.398120341,479.513592174
R427: 479.374516257,0.201889106,479.513630341,479.715535966
R428: 479.776370382,0.004833200,479.776423674,479.781280257
R429: 479.787199882,0.019496067,479.787238841,479.806750299
R430: 479.912041674,0.011599978,479.912083674,479.923708591
[#WORKER#] 406.965176682 Still Alive!
R431: 480.350294633,0.090681410,480.350355174,480.441067924
R432: 480.432162716,0.120510547,480.441097091,480.561623674
R433: 480.601735341,0.052191194,480.601840674,480.654046383
R434: 480.730975425,0.086198782,480.731041633,480.817274383
R435: 481.019084050,0.025067631,481.019219050,481.044333675
R436: 481.443395050,0.046872578,481.443580758,481.490497258
R437: 481.703054133,0.010257614,481.703155925,481.713467258
R438: 481.783340217,0.048991665,481.783406467,481.832479175
[#WORKER#] 406.965176682 Still Alive!
R439: 482.058432384,0.272084885,482.058497842,482.330635717
R440: 482.287781967,0.178059266,482.330689884,482.508800759
R441: 482.603200509,0.100841676,482.603288050,482.704224134
R442: 482.812143967,0.097991809,482.812192926,482.910225801
R443: 482.933200051,0.086467721,482.933261051,483.019769342
R444: 483.049584967,0.002991937,483.049628342,483.052632217
R445: 483.235350842,0.091555736,483.235393884,483.326990926
R446: 483.470471301,0.015541671,483.470512634,483.486079551
R447: 483.495470093,0.150242484,483.495507009,483.645761634
R448: 483.531863426,0.132920083,483.645794509,483.778745384
R449: 483.841862093,0.109873358,483.841898968,483.951790634
R450: 483.875799426,0.011157568,483.951828051,483.963079384
R451: 483.938400551,0.010784500,483.963105468,483.973917509
[#WORKER#] 406.965176682 Still Alive!
R452: 484.303962510,0.031514988,484.303997843,484.335541760
R453: 484.412922468,0.033930720,484.412978760,484.446927760
R454: 484.450107343,0.293748157,484.450163343,484.743932010
R455: 484.628810718,0.070707300,484.743977010,484.814708551
R456: 484.670683135,0.275434329,484.814738010,485.090191968
R457: 484.921936177,0.034899210,485.090219927,485.125134677
R458: 484.947515635,0.103428584,485.125165385,485.228609343
R459: 485.084758843,0.026507047,485.228635843,485.255216677
R460: 485.429296802,0.099252219,485.429364885,485.528655052
R461: 485.619945302,0.167662994,485.619987760,485.787721552
R462: 485.917866885,0.002886515,485.917942302,485.920850344
[#WORKER#] 406.965176682 Still Alive!
R463: 486.165913302,0.096124151,486.165955885,486.262113968
R464: 486.314734093,0.148913541,486.314793468,486.463759927
R465: 486.555291843,0.007985888,486.555360427,486.563386385
R466: 486.611140302,0.018961464,486.611219385,486.630217760
R467: 486.964604135,0.044595254,486.964697010,487.009333302
R468: 486.997563844,0.047595809,487.009390177,487.057022969
R469: 487.095140802,0.010612267,487.095177844,487.105816552
R470: 487.268977885,0.203592074,487.269038885,487.472657594
R471: 487.334764802,0.011000928,487.472687469,487.483705885
R472: 487.490705385,0.138517062,487.490754344,487.629327927
R473: 487.763928511,0.045696315,487.764115094,487.809901136
R474: 487.849507511,0.031771429,487.849607802,487.881442927
R475: 487.933203386,0.007067444,487.933272802,487.940372219
[#WORKER#] 406.965176682 Still Alive!
R476: 488.085900386,0.056598447,488.086039427,488.142727844
R477: 488.472438261,0.112346731,488.472600428,488.585059594
R478: 488.827743803,0.063797513,488.827830553,488.891693469
R479: 488.930791344,0.025413831,488.930969386,488.956494719
R480: 488.988613553,0.085972380,488.988790178,489.074814803
R481: 489.035850303,0.013476634,489.074880970,489.088368136
R482: 489.095658428,0.065422555,489.095735886,489.161225886
R483: 489.326509428,0.021379463,489.326620303,489.348101470
R484: 489.437525470,0.014316393,489.437610803,489.452048178
R485: 489.764112595,0.020404881,489.765424928,489.787214720
[#WORKER#] 406.965176682 Still Alive!
R486: 489.822122887,0.231033314,489.823447303,490.056301553
R487: 489.822981220,0.165347744,490.056358928,490.221760137
R488: 489.879847887,0.116323751,490.221826553,490.338208887
R489: 490.055585178,0.004576070,490.338271428,490.342866262
R490: 490.087855470,0.149191071,490.342894970,490.492150137
R491: 490.623272179,0.197518972,490.623462220,490.821385345
R492: 490.643511720,0.514920321,490.821545595,491.336559637
R493: 490.682538845,0.110234420,491.336630346,491.446921846
R494: 490.810698304,0.176344213,491.446978387,491.623671971
R495: 490.916514054,0.124446838,491.623779929,491.749389137
R496: 491.288331012,0.021504228,491.749452346,491.771213221
R497: 491.375335012,0.016807611,491.771297596,491.788252054
R498: 491.678902346,0.039134277,491.788959679,491.828272346
R499: 491.865868763,0.076038619,491.866082096,491.942144096
[#WORKER#] 406.965176682 Still Alive!
R500: 491.937171846,0.102267337,491.942228846,492.044578138
R501: 492.039155846,0.061631106,492.044620554,492.106317179
R502: 492.249754513,0.000586033,492.249882888,492.250505346
R503: 492.379714388,0.021273578,492.379813346,492.401108096
R504: 492.431972138,0.058716206,492.432044179,492.490775596
R505: 492.629048680,0.105868033,492.629158263,492.735077763
R506: 492.674092971,0.042974355,492.735139346,492.778173888
R507: 492.715385055,0.055584314,492.778257596,492.833899346
R508: 492.835847305,0.005178422,492.835905680,492.841097346
R509: 492.906057930,0.165734121,492.906133013,493.071941763
R510: 492.925212471,0.431576576,493.072136221,493.503773680
R511: 493.277294722,0.033446615,493.503824930,493.537320180
R512: 493.400181722,0.044511072,493.537374805,493.581915097
R513: 493.433414972,0.192267375,493.581964430,493.774279138
R514: 493.529945638,0.154265227,493.774383763,493.928695555
R515: 493.721652513,0.015121597,493.928767180,493.943904472
R516: 493.803138430,0.010913455,493.943954597,493.954875055
[#WORKER#] 406.965176682 Still Alive!
R517: 493.895993764,0.343250576,493.954909555,494.298238555
R518: 494.049132847,0.203324270,494.298321097,494.501676389
R519: 494.068536889,0.162254194,494.505214097,494.667586681
R520: 494.097502847,0.050365837,494.667647681,494.718099014
R521: 494.160204597,0.076001779,494.718156472,494.794587389
R522: 494.261704680,0.350796175,494.794666264,495.145559972
R523: 494.489534889,0.009269473,495.145671222,495.154992639
R524: 495.021120764,0.005453362,495.155079681,495.160555139
R525: 495.024673181,0.229780591,495.160584681,495.390432098
R526: 495.404978098,0.054325222,495.405075639,495.459448681
R527: 495.411797764,0.024827337,495.459499139,495.484336348
R528: 495.445707514,0.097495669,495.484381556,495.581948431
R529: 495.696966306,0.061894717,495.697147723,495.759129098
R530: 495.710434514,0.061606857,495.759190431,495.820823473
R531: 495.798141556,0.180504274,495.820873056,496.001402265
R532: 495.951788473,0.022593787,496.001468223,496.024119598
[#WORKER#] 406.965176682 Still Alive!
R533: 496.089958973,0.111645095,496.090097681,496.201809348
R534: 496.361078348,0.328477810,496.361248515,496.689836015
R535: 496.373522056,0.048533497,496.689916182,496.738510682
R536: 496.481062098,0.267153891,496.738565307,497.005778473
R537: 496.555101515,0.010897099,497.005828848,497.016775848
R538: 496.969755807,0.208428812,497.016829973,497.225449848
R539: 497.355146682,0.254344343,497.355267723,497.609672557
R540: 497.390757557,0.009393161,497.609725057,497.619159474
[#WORKER#] 406.965176682 Still Alive!
R541: 497.830902890,0.345443056,497.830980640,498.176479974
R542: 498.117707099,0.000473771,498.176531016,498.177194724
R543: 498.236369682,0.033853961,498.236505557,498.270420932
R544: 498.271239516,0.030365688,498.271355807,498.301776016
R545: 498.435907807,0.003717850,498.435986474,498.439731849
R546: 498.666186849,0.043156054,498.666285391,498.709477766
R547: 498.879566849,0.033568139,498.879716683,498.913344891
R548: 499.222362683,0.112471542,499.222436808,499.334974391
R549: 499.357186474,0.097832466,499.357274933,499.455224308
R550: 499.884502100,0.056717239,499.884586683,499.943393850
[#WORKER#] 406.965176682 Still Alive!
R551: 500.053885891,0.553190187,500.053970850,500.607291267
R552: 500.055432350,0.259587646,500.607363017,500.867040559
R553: 500.130855933,0.030737312,500.867137309,500.897892434
R554: 500.148410933,0.034398014,500.897928975,500.932429934
R555: 500.417640683,0.130822862,500.932503809,501.063357267
R556: 500.452088267,0.000697847,501.063408892,501.064171017
R557: 500.532055767,0.220283814,501.064195350,501.284550184
R558: 500.731759475,0.217458183,501.284614559,501.502140934
R559: 500.733784725,0.101942738,501.502192850,501.604197934
R560: 500.766250350,0.259532928,501.604248476,501.863848351
[#WORKER#] 406.965176682 Still Alive!
R561: 500.793099392,0.204062620,501.863903267,502.068087517
R562: 500.980879350,0.079346010,502.068132642,502.147539726
R563: 501.034944059,0.176388103,502.147593601,502.324028226
R564: 501.063318142,0.011981019,502.324076559,502.336128434
R565: 501.105427309,0.197173011,502.336185393,502.533457684
R566: 501.205940350,0.061850321,502.533521684,502.595416934
R567: 501.337573434,0.240253705,502.595469309,502.835784018
R568: 501.661604642,0.312608877,502.835840476,503.148549726
R569: 501.743211101,0.020787713,503.148628518,503.169430560
R570: 501.775218101,0.044654383,503.169484101,503.214221185
R571: 501.822682267,0.098853851,503.214276601,503.313244685
R572: 502.238443976,0.095578809,503.313323768,503.408987476
R573: 502.314782393,0.047610083,503.409175726,503.456834768
R574: 502.436295684,0.118446781,503.456890560,503.575396393
R575: 502.552554309,0.105000953,503.575447143,503.680509935
R576: 502.555679601,0.118316437,503.680630685,503.798997102
R577: 502.716775351,0.225716937,503.799163852,504.024928477
[#WORKER#] 406.965176682 Still Alive!
R578: 502.839225351,0.112491562,504.024982727,504.137524393
R579: 502.885339268,0.062435437,504.137579643,504.200115727
R580: 503.100059018,0.019438170,504.200166185,504.219680560
R581: 503.358899893,0.040648929,504.219743560,504.260453935
R582: 503.424513560,0.020089643,504.260506393,504.280657727
R583: 503.593893935,0.002488251,504.280710352,504.283218143
R584: 503.640516976,0.054070670,504.287931810,504.342082602
R585: 503.665452060,0.048659101,504.342135518,504.390841227
R586: 503.705367477,0.013887524,504.390889269,504.404788227
R587: 503.956194768,0.015659086,504.404831727,504.420505269
R588: 503.958547935,0.075619815,504.420560310,504.496238352
R589: 504.186481018,0.028367642,504.496289394,504.524735769
R590: 504.310227102,0.078032516,504.524801852,504.602910685
R591: 504.352711352,0.185862400,504.602973935,504.788860185
R592: 504.731712644,0.053986590,504.788916727,504.842949102
R593: 504.776543769,0.064788705,504.842998602,504.907860310
R594: 505.000795685,0.062258063,505.000872935,505.063175019
R595: 505.017052352,0.212632426,505.063233852,505.275947311
R596: 505.489513019,0.030981859,505.489598769,505.520674769
R597: 505.659944686,0.032573657,505.660041561,505.692674644
R598: 505.700367936,0.061298488,505.700585311,505.761910478
R599: 505.799616561,0.088318620,505.799695144,505.888075519
R600: 505.859849603,0.072329469,505.888155811,505.960515686
[#WORKER#] 406.965176682 Still Alive!
R601: 506.207849394,0.106062224,506.207950353,506.314086186
R602: 506.803476520,0.419834858,506.803562145,507.223562728
R603: 506.975997978,0.049374992,507.223832728,507.273467312
R604: 507.243384270,0.038927374,507.273649520,507.313454187
R605: 507.364290353,0.134774729,507.364356562,507.499160020
R606: 507.533092770,0.076295110,507.533144103,507.609495228
R607: 507.865940604,0.010494875,507.866033270,507.876561145
R608: 508.012387187,0.039119961,508.012521520,508.051736854
[#WORKER#] 406.965176682 Still Alive!
R609: 508.514790395,0.004434800,508.514905937,508.519386062
R610: 508.658170312,0.072923505,508.658277354,508.731278271
R611: 508.916771354,0.055738504,508.916892437,508.972702771
R612: 509.346700521,0.014948071,509.346843146,509.361847771
R613: 509.602968313,0.026470156,509.603072646,509.629578188
R614: 509.806732646,0.000791129,509.806845854,509.807670729
R615: 509.958392105,0.064064106,509.959079896,510.023195188
[#WORKER#] 406.965176682 Still Alive!
R616: 510.243547021,0.156503735,510.243686855,510.400286771
R617: 510.367032605,0.018301110,510.400362396,510.418714271
R618: 510.389736188,0.259710492,510.418765730,510.678582063
R619: 510.642324980,0.034450821,510.678682688,510.713190313
R620: 510.778294397,0.021513080,510.778352355,510.799896313
R621: 510.826474230,0.011895986,510.826547230,510.838496730
R622: 510.831902855,0.095683792,510.838551605,510.934283313
R623: 511.048515063,0.113370383,511.048655105,511.162084188
R624: 511.088318688,0.155242098,511.162142897,511.317502313
R625: 511.556336189,0.129772012,511.556420689,511.686283689
R626: 511.769552897,0.103745349,511.769656772,511.873418980
R627: 511.830575439,0.009445322,511.873485814,511.882949939
[#WORKER#] 406.965176682 Still Alive!
R628: 511.858556814,0.196213079,511.883073939,512.079346606
R629: 512.114425314,0.048062393,512.114497939,512.162595356
R630: 512.179400189,0.015291388,512.179460022,512.194764981
R631: 512.516074606,0.049437890,512.516135064,512.565612397
R632: 512.837563898,0.398746106,512.837616314,513.236474731
R633: 513.287455314,0.123311195,513.287531398,513.410903564
R634: 513.423365523,0.012126315,513.423420189,513.435561689
R635: 513.819257440,0.016833185,513.819334856,513.836229731
R636: 513.819314190,0.003216502,513.836282231,513.839515940
R637: 513.880644440,0.003566753,513.880682940,513.884267940
R638: 513.932496065,0.065175406,513.932566898,513.997800898
[#WORKER#] 406.965176682 Still Alive!
R639: 514.106398606,0.088478480,514.106491606,514.200364232
R640: 514.314675940,0.057046936,514.314755148,514.371824982
R641: 514.366563773,0.085125670,514.371872815,514.457083440
R642: 514.429447065,0.063145888,514.457137315,514.520325148
R643: 514.443475232,0.200154088,514.520375023,514.720550107
R644: 514.624926440,0.426487119,514.720598982,515.147140815
R645: 514.691189232,0.021684779,515.147200690,515.168929024
R646: 514.738474357,0.010660986,515.168981982,515.179655565
R647: 514.761351315,0.006236368,515.179704107,515.185944024
R648: 514.907985482,0.015348847,515.185968565,515.201320982
R649: 514.922457024,0.456032232,515.204520107,515.660603316
R650: 515.166779940,0.146586309,515.661076816,515.807709024
R651: 515.216292024,0.083069058,515.808073316,515.891197857
R652: 515.242393274,0.053026532,515.891256816,515.945130232
R653: 515.511430899,0.059479126,515.945360232,516.004861441
R654: 515.663955899,0.037467981,516.004954982,516.042439149
R655: 516.032538774,0.017144651,516.042529691,516.059678607
[#WORKER#] 406.965176682 Still Alive!
R656: 516.038657941,0.043011000,516.059710274,516.102740399
R657: 516.267947440,0.175802261,516.268043690,516.443933273
R658: 516.486732607,0.050075666,516.486845232,516.536947732
R659: 516.770608065,0.015709027,516.770682940,516.786410482
R660: 516.967267107,0.279628075,516.967345399,517.247106232
R661: 517.047038357,0.070849867,517.247160190,517.318038357
R662: 517.116477815,0.259452265,517.318086524,517.577597315
R663: 517.123357107,0.013086527,517.577647024,517.590755566
R664: 517.263314232,0.041120729,517.590789691,517.631929441
R665: 517.275032524,0.039170474,517.631961232,517.671186857
R666: 517.294903690,0.029661964,517.671241107,517.700926857
R667: 517.313694857,0.237565539,517.700972191,517.938559524
R668: 517.679199232,0.066872538,517.938608191,518.005532399
[#WORKER#] 406.965176682 Still Alive!
R669: 517.863193232,0.081790527,518.005582649,518.087428316
R670: 517.936494899,0.049575318,518.087482274,518.137078399
R671: 518.204909857,0.079265809,518.205020024,518.284343899
R672: 518.414922816,0.059217309,518.414990316,518.474246899
R673: 518.639828983,0.081689250,518.639902524,518.721615566
R674: 518.718263899,0.006984565,518.721665399,518.728665483
R675: 519.024667275,0.024933166,519.024779066,519.049749108
R676: 519.228129608,0.004488365,519.228253441,519.232766275
R677: 519.229320941,0.004762914,519.232816691,519.237592191
R678: 519.446594691,0.035150501,519.446709066,519.481925400
R679: 520.026842317,0.003751247,520.026901817,520.030695983
[#WORKER#] 406.965176682 Still Alive!
R680: 520.057797233,0.033042543,520.057846525,520.090902275
R681: 520.225134858,0.134628174,520.225192525,520.359865067
R682: 520.299789567,0.028669860,520.359894275,520.388578484
R683: 520.428545942,0.023102435,520.428663484,520.451778567
R684: 520.602146150,0.000221166,520.602386275,520.602680859
R685: 520.824907400,0.077009347,520.824980109,520.902030359
R686: 521.066325609,0.065609059,521.066415275,521.132109192
R687: 521.149662192,0.014334828,521.149791317,521.164590984
R688: 521.164554442,0.061501041,521.164653859,521.226224526
R689: 521.603161401,0.146449055,521.603258484,521.749832192
R690: 521.799439234,0.050304930,521.799519901,521.849867776
R691: 521.924250193,0.076196705,521.924289318,522.000509276
[#WORKER#] 406.965176682 Still Alive!
R692: 522.683483943,0.126506297,522.683607526,522.811668401
R693: 522.780169568,0.052495339,522.812672443,522.865384401
R694: 522.925046526,0.138207117,522.925149943,523.063414776
R695: 522.927549193,0.104319363,523.063465318,523.167812776
R696: 523.025793943,0.164066343,523.167873068,523.331987360
R697: 523.030970901,0.084020832,523.332103152,523.416150068
R698: 523.112720485,0.003490911,523.416261818,523.419757443
R699: 523.122289235,0.157171567,523.419786985,523.576986485
R700: 523.370722568,0.077562469,523.577132277,523.654709277
R701: 523.377227693,0.056144073,523.654747152,523.710913152
R702: 523.443863818,0.053397796,523.710939152,523.764359277
R703: 523.447408735,0.297022437,523.764382527,524.061528360
[#WORKER#] 406.965176682 Still Alive!
R704: 523.585493652,0.029424543,524.061584027,524.091054777
R705: 523.929626444,0.051069822,524.091117944,524.142202152
R706: 524.140401110,0.122756648,524.142233277,524.265106902
R707: 524.315530569,0.009368419,524.315569110,524.324999569
R708: 524.766587152,0.071937085,524.766677944,524.838706486
R709: 524.858883402,0.057789871,524.858973236,524.916814069
R710: 524.973794236,0.286613396,524.973829819,525.260521611
R711: 525.024464611,0.034560418,525.260585486,525.295165403
R712: 525.039654944,0.064257301,525.295216069,525.359530986
R713: 525.270303986,0.163291484,525.359581653,525.522934736
R714: 525.598797903,0.100853234,525.598874278,525.699823486
R715: 525.717222986,0.078720607,525.717345069,525.796113694
[#WORKER#] 406.965176682 Still Alive!
R716: 525.868749069,0.260766844,525.868786194,526.129612028
R717: 525.900858736,0.021758163,526.129660903,526.151441611
R718: 526.512470486,0.077145427,526.512578195,526.589761653
R719: 526.581865320,0.023968231,526.589821445,526.613802570
R720: 526.607937736,0.197875472,526.613830528,526.811752987
R721: 526.870151820,0.058481059,526.870222403,526.928733278
R722: 527.028494195,0.079014697,527.028592653,527.107634403
R723: 527.168799987,0.504022622,527.168867362,527.672991320
R724: 527.295519153,0.003052634,527.673080154,527.676152487
R725: 527.305782153,0.038720292,527.676179945,527.714912529
R726: 527.400288154,0.073198743,527.714941404,527.788167654
[#WORKER#] 406.965176682 Still Alive!
R727: 528.003316279,0.128148984,528.003434904,528.131645362
R728: 528.161784112,0.064215167,528.161851487,528.226091654
R729: 528.991515654,0.069611109,528.991662904,529.061313238
R730: 529.116463488,0.013235433,529.116548238,529.129807488
R731: 529.135791654,0.033395920,529.135834738,529.169248738
R732: 529.143739571,0.002108464,529.169283988,529.171406321
R733: 529.152353363,0.049477005,529.171434446,529.221225696
R734: 529.261213113,0.097737214,529.261292279,529.359066488
R735: 529.397592779,0.043246109,529.397730904,529.441044988
R736: 529.551850321,0.024392916,529.551914488,529.576330655
R737: 529.663907530,0.005573899,529.663975530,529.669574488
R738: 529.927212571,0.039466886,529.927281113,529.966779071
[#WORKER#] 406.965176682 Still Alive!
R739: 530.167072988,0.172508495,530.167231572,530.339787572
R740: 530.175354947,0.065429838,530.339863988,530.405329822
R741: 530.248782030,0.039944605,530.405359947,530.445363113
R742: 530.274535697,0.141117283,530.445416072,530.586665905
R743: 531.471892697,0.487325386,531.472053072,531.959404031
R744: 531.480852822,0.086441598,531.959465864,532.045940989
[#WORKER#] 406.965176682 Still Alive!
R745: 531.524485780,0.041410856,532.046155406,532.087612239
R746: 531.638072197,0.077695608,532.087665614,532.165392197
R747: 531.840345447,0.139810469,532.165437239,532.305294323
R748: 532.003112822,0.010807852,532.305344781,532.316157364
R749: 532.140468281,0.012736091,532.316183281,532.328922698
R750: 532.166266322,0.137292508,532.328945114,532.466280364
R751: 532.382178656,0.023775514,532.466330073,532.490118198
R752: 532.488290073,0.030727618,532.490154989,532.520896156
R753: 533.038290615,0.129379130,533.038419115,533.167825948
R754: 533.089917281,0.037623658,533.167903906,533.205555406
R755: 533.238817865,0.293391033,533.238877698,533.532315115
R756: 533.371120906,0.117280281,533.532367240,533.649706406
R757: 533.634344948,0.157501055,533.649759281,533.807302823
R758: 533.688281907,0.039720685,533.807353365,533.847078698
R759: 533.786978573,0.112895325,533.847107948,533.960122782
[#WORKER#] 406.965176682 Still Alive!
R760: 534.043699240,0.032736238,534.043784990,534.076557157
R761: 534.438824240,0.093950677,534.438929199,534.532920657
R762: 534.442159074,0.101801080,534.532996990,534.634832324
R763: 534.727421365,0.047873679,534.727488865,534.775387824
R764: 534.802399699,0.070388218,534.802486407,534.872900532
R765: 535.027717657,0.062974837,535.028239157,535.091274241
R766: 535.143379741,0.352991643,535.143416407,535.496468991
R767: 535.191840782,0.024215581,535.496522782,535.520767074
R768: 535.381271824,0.289492423,535.520799366,535.810359199
R769: 535.426050907,0.174809428,535.810415991,535.985271533
R770: 535.897357199,0.067030989,535.985322699,536.052413533
R771: 535.947247283,0.005341166,536.052460116,536.057817449
[#WORKER#] 406.965176682 Still Alive!
R772: 536.194246324,0.005005807,536.194338533,536.199374408
R773: 536.227197283,0.098242076,536.227251324,536.325542449
R774: 536.538016658,0.099520176,536.538100491,536.637679075
R775: 536.616925116,0.033287241,536.637730741,536.671035533
R776: 536.676998783,0.038261421,536.677039825,536.715318450
R777: 537.077525158,0.130527746,537.077605908,537.208164242
R778: 537.449080492,0.029360956,537.449146992,537.478582200
[#WORKER#] 406.965176682 Still Alive!
R779: 537.972700284,0.119647104,537.972815867,538.092523492
R780: 537.992736659,0.093995798,538.092585700,538.186673825
R781: 538.230464784,0.001181481,538.230500409,538.231703159
R782: 538.260570075,0.185721766,538.260654534,538.446409742
R783: 538.405222700,0.168898758,538.446448784,538.615366492
R784: 538.448133034,0.018350038,538.615399159,538.633752992
R785: 538.707174284,0.004798014,538.707231242,538.712047159
R786: 538.878084909,0.053425475,538.878204784,538.931661742
R787: 539.056097409,0.180211369,539.056271659,539.236544367
R788: 539.073629409,0.287995233,539.236594784,539.524611534
R789: 539.177275576,0.182853178,539.524659368,539.707561951
R790: 539.280288534,0.143915204,539.707615409,539.851592743
R791: 539.422698284,0.066114935,539.851643659,539.917803493
R792: 539.444574868,0.001491761,539.917847118,539.919353409
R793: 539.458688201,0.003812390,539.919378159,539.923203993
R794: 539.498601534,0.038858176,539.923226201,539.962141410
R795: 539.550963868,0.002943975,539.962191951,539.965151326
[#WORKER#] 406.965176682 Still Alive!
R796: 539.772452993,0.230421166,539.965177118,540.195653160
R797: 540.218985618,0.071618320,540.219278326,540.290956243
R798: 540.225994243,0.031138390,540.291080660,540.322232076
R799: 540.453337285,0.076066950,540.453462035,540.529549826
R800: 540.519420451,0.343790527,540.529600451,540.873453118
R801: 540.614740160,0.009575593,540.873506035,540.883099868
R802: 540.759257077,0.113429586,540.883132452,540.996618702
R803: 540.839535327,0.186099408,540.996669868,541.182879952
R804: 541.274378368,0.048940802,541.274457452,541.323463410
R805: 541.436715369,0.021868816,541.436915452,541.458845827
R806: 541.628742869,0.164155763,541.628816994,541.793075160
R807: 541.655876785,0.026224484,541.793147827,541.819394119
R808: 541.845921160,0.223320056,541.846041160,542.069410119
[#WORKER#] 406.965176682 Still Alive!
R809: 542.132887702,0.009471530,542.133111036,542.142603661
R810: 542.184976161,0.000323627,542.185044202,542.185517077
R811: 542.225400911,0.015798259,542.228440786,542.247782869
R812: 542.247093327,0.017451374,542.247847494,542.265370952
R813: 542.636715702,0.104256205,542.636817494,542.741176244
R814: 542.815980203,0.414784957,542.816077661,543.230905286
R815: 542.909100578,0.198717498,543.230959703,543.429981286
R816: 542.942228119,0.142541018,543.430162911,543.572794995
R817: 543.448617661,0.040621320,543.572887495,543.613540203
[#WORKER#] 406.965176682 Still Alive!
R818: 543.962797286,0.212524638,543.962949995,544.175544745
R819: 544.058970911,0.006204103,544.175598245,544.181844953
R820: 544.091914578,0.198156523,544.181886245,544.380067578
R821: 544.143898870,0.054040787,544.380114037,544.434170620
R822: 544.193359037,0.276071591,544.434201287,544.710316953
R823: 544.377422662,0.067255534,544.710366662,544.777656912
R824: 544.551652870,0.247992445,544.777708995,545.025723829
R825: 544.846675245,0.004538037,545.025776245,545.030332995
R826: 544.991339870,0.120178932,545.030361579,545.150597495
R827: 545.411315620,0.173089996,545.411393620,545.584524162
R828: 545.446614537,0.188402715,545.584596662,545.773061496
R829: 545.773788537,0.033852772,545.773873079,545.807778329
R830: 545.880361746,0.105102599,545.880407662,545.985541496
[#WORKER#] 406.965176682 Still Alive!
R831: 546.177950579,0.153384137,546.178019954,546.331453537
R832: 546.205163537,0.011018428,546.331514412,546.342551870
R833: 546.293155954,0.188356502,546.342576995,546.530992537
R834: 546.314157204,0.035160259,546.531117204,546.566301537
R835: 547.013419121,0.029106737,547.013534162,547.042687704
R836: 547.411414704,0.017995476,547.411464829,547.429506454
R837: 547.440230037,0.175478521,547.440275954,547.615779288
R838: 547.625054121,0.038300545,547.625094746,547.663408371
R839: 547.642926621,0.267385504,547.663433746,547.930838788
[#WORKER#] 406.965176682 Still Alive!
R840: 547.706438746,0.226932867,547.930876288,548.157825038
R841: 547.750989829,0.016714462,548.157850663,548.174579704
R842: 548.368450913,0.018138011,548.368510788,548.386670371
R843: 548.519554871,0.060778011,548.519621121,548.580424413
R844: 549.146856830,0.059261905,549.146909038,549.206216913
R845: 549.149247288,0.187164545,549.206253330,549.393433497
R846: 549.375479955,0.223232647,549.393462830,549.616738288
R847: 549.392617913,0.070837250,549.616766122,549.687620039
R848: 549.558561247,0.138051380,549.687647830,549.825733039
[#WORKER#] 406.965176682 Still Alive!
R849: 550.529787414,0.401626006,550.529887331,550.931552247
R850: 550.603144247,0.030600424,550.931627831,550.962257581
R851: 550.610850706,0.022762614,550.962289414,550.985058331
R852: 550.655421622,0.234903251,550.985079914,551.220028373
R853: 550.748685164,0.075449941,551.220056623,551.295525331
R854: 550.753941956,0.042661718,551.295549998,551.338225081
R855: 550.795980331,0.061096021,551.338254289,551.399362123
R856: 550.898986747,0.057296452,551.399386039,551.456727289
R857: 550.945731289,0.183175523,551.456774831,551.640053456
R858: 551.103167331,0.088646791,551.640117414,551.728911914
R859: 551.256760956,0.095694419,551.729049873,551.824884373
R860: 551.315126373,0.003867010,551.825194040,551.829118623
R861: 551.321097581,0.014220613,551.829177623,551.843489581
R862: 551.424452664,0.009704989,551.843548581,551.853335206
[#WORKER#] 406.965176682 Still Alive!
R863: 551.869269831,0.262701104,551.869344956,552.132137415
R864: 552.039688040,0.543081844,552.132181540,552.675319790
R865: 552.346348915,0.217182844,552.675371832,552.892574123
R866: 552.747201040,0.015571856,552.892620832,552.908207790
R867: 552.797308665,0.116329643,552.908232165,553.024628623
R868: 552.813076957,0.012810917,553.024686207,553.037513248
R869: 552.821482707,0.031672354,553.037541207,553.069227248
R870: 552.862347707,0.113341438,553.069249457,553.182681832
R871: 552.967415665,0.124283270,553.182752957,553.307078457
R872: 553.184941665,0.041510925,553.307130332,553.348658915
R873: 553.205380790,0.125965032,553.348696957,553.474728415
R874: 553.339087624,0.187478117,553.474782499,553.662320457
[#WORKER#] 406.965176682 Still Alive!
R875: 553.776851540,0.328707211,553.776954082,554.105744207
R876: 553.844801207,0.158107912,554.105788124,554.263935249
R877: 554.204668249,0.168846396,554.263998707,554.432911291
R878: 554.221401374,0.132918485,554.432971207,554.565965249
R879: 554.584457374,0.130113105,554.584495541,554.714681833
R880: 554.810913458,0.105724430,554.810962458,554.916742583
R881: 555.029813666,0.462176179,555.029938416,555.492209333
R882: 555.188613458,0.121542562,555.492267041,555.613827416
R883: 555.454372875,0.186773374,555.613866458,555.800696125
R884: 555.643195083,0.225388636,555.800755000,556.026172250
R885: 555.932485791,0.034416525,556.026248750,556.060724208
[#WORKER#] 406.965176682 Still Alive!
R886: 555.953341166,0.186842241,556.060779542,556.247672583
R887: 556.095286458,0.116249131,556.247748458,556.364039958
R888: 556.095763875,0.080726748,556.364087625,556.444867750
R889: 556.129979833,0.011989669,556.444928833,556.456992458
R890: 556.216220042,0.133075617,556.457090750,556.590195250
R891: 556.301604708,0.033558405,556.590256750,556.623828667
R892: 556.314795792,0.018731722,556.623878458,556.642626542
R893: 556.440683708,0.053906399,556.642672333,556.696625334
R894: 556.458367708,0.185265042,556.696675084,556.881953667
R895: 556.852718250,0.101350110,556.882040584,556.983443292
R896: 556.878788042,0.142001478,556.983505209,557.125521459
R897: 556.992951709,0.034609583,557.125561417,557.160192709
R898: 557.157474459,0.036374064,557.160224292,557.196602125
R899: 557.260738917,0.033598296,557.260815959,557.294431334
R900: 557.285548834,0.029447374,557.294458459,557.323923375
R901: 557.322753459,0.148287390,557.323952875,557.472259084
R902: 557.466068042,0.086553942,557.472335292,557.558928042
R903: 557.483846751,0.033697646,557.558959501,557.592678501
R904: 557.586669001,0.199399826,557.592745751,557.792157376
R905: 557.610502334,0.076278960,557.792205751,557.868496084
R906: 557.695405209,0.064376129,557.868523667,557.933055084
R907: 557.847978167,0.013873621,557.933130876,557.947033292
[#WORKER#] 406.965176682 Still Alive!
R908: 558.132629459,0.251321195,558.132668918,558.384045084
R909: 558.305553209,0.080214295,558.384103668,558.464333251
R910: 558.437315376,0.117354299,558.464365293,558.581736584
R911: 558.676736376,0.029832325,558.676801751,558.706651626
R912: 558.711619793,0.169230531,558.711683001,558.880955918
R913: 558.811066918,0.241604611,558.881060335,559.122707001
R914: 558.944372793,0.116659950,559.122734751,559.239427126
R915: 558.965878251,0.038679853,559.239455085,559.278148918
R916: 559.002285043,0.148123713,559.278173918,559.426312501
R917: 559.481690668,0.004537594,559.481728252,559.486277377
R918: 559.498149627,0.080765401,559.498180835,559.578959168
R919: 559.570446043,0.066343202,559.578983585,559.645356377
R920: 559.637349793,0.130747768,559.645385043,559.776148168
R921: 559.727575918,0.001767507,559.776173377,559.777968668
R922: 559.730722418,0.181567383,559.777991168,559.959570252
[#WORKER#] 406.965176682 Still Alive!
R923: 559.768811585,0.189506979,559.959597085,560.149117210
R924: 559.795356835,0.118191975,560.149145502,560.267374919
R925: 560.030666918,0.073071520,560.267401127,560.340502710
R926: 560.116224585,0.089162716,560.340524585,560.429698169
R927: 560.197033210,0.179013060,560.429727669,560.608752335
R928: 560.446695169,0.039581384,560.608779960,560.648364752
R929: 560.533519210,0.074813399,560.648390460,560.723299877
R930: 560.760532002,0.281138871,560.760621752,561.041804961
R931: 560.763207252,0.319653294,561.041883669,561.361577211
R932: 561.076733211,0.283550159,561.361620002,561.645224544
R933: 561.284571419,0.006650480,561.645293253,561.651948211
R934: 561.285190377,0.040630690,561.651974169,561.692620294
R935: 561.399224836,0.244593711,561.692643544,561.937292419
R936: 561.532107294,0.083890589,561.937345378,562.021253836
R937: 561.543101002,0.031139907,562.021287003,562.052441378
R938: 561.988460544,0.008114178,562.052464961,562.060590169
R939: 562.075067086,0.017596518,562.075112128,562.092731003
[#WORKER#] 406.965176682 Still Alive!
R940: 562.095896294,0.073104778,562.095931711,562.169048461
R941: 562.341843128,0.016876070,562.341894461,562.358821336
R942: 562.531716003,0.060910476,562.531772795,562.592700170
R943: 562.550911461,0.072262719,562.592734211,562.665030045
R944: 563.293087003,0.131728467,563.293165295,563.424937795
R945: 563.547851837,0.160183869,563.547900837,563.708113004
R946: 563.554921503,0.219641868,563.708146670,563.927840379
R947: 563.740755670,0.048538406,563.927942629,563.976510754
[#WORKER#] 406.965176682 Still Alive!
R948: 563.976962795,0.143141170,563.976983295,564.120167212
R949: 564.272978337,0.039381062,564.273032712,564.312456504
R950: 564.372321671,0.628817885,564.372351254,565.001214254
R951: 564.388987796,0.017235036,565.001286921,565.018547921
R952: 564.434543587,0.018602625,565.018574879,565.037187879
R953: 564.573705004,0.354209543,565.037213129,565.391485463
R954: 564.666236421,0.078343272,565.391535879,565.469893546
R955: 564.713718546,0.001911442,565.469928963,565.471844379
R956: 564.737417296,0.167231693,565.471869046,565.639162713
R957: 564.748075462,0.018677322,565.639217421,565.657913338
R958: 564.780029712,0.017742058,565.657942046,565.675699963
R959: 564.832140921,0.005274863,565.675723504,565.681081879
R960: 565.024662254,0.129524432,565.681105546,565.810664588
R961: 565.399874421,0.083638902,565.810688505,565.894372588
R962: 565.715939588,0.093503158,565.894414963,565.988278005
R963: 565.875089880,0.058892877,565.988414713,566.047337796
[#WORKER#] 406.965176682 Still Alive!
R964: 566.378756838,0.051107197,566.378876755,566.430035005
R965: 566.455485171,0.062246166,566.455566880,566.517869713
R966: 566.701053755,0.000951525,566.701202505,566.702179797
R967: 566.785858880,0.333116003,566.785922755,567.119094838
R968: 566.947953880,0.004875777,567.119166338,567.124074755
R969: 566.981033338,0.055670132,567.124103505,567.179790880
R970: 567.437428047,0.007009635,567.437550505,567.444589089
R971: 567.586484755,0.105702982,567.586531714,567.692253172
R972: 567.684921422,0.096773765,567.692298464,567.789088172
R973: 568.038211214,0.016044540,568.038257131,568.054329297
[#WORKER#] 406.965176682 Still Alive!
R974: 568.326756381,0.070881888,568.326804797,568.397734464
R975: 568.581204631,0.113116149,568.581263298,568.694406506
R976: 568.618353131,0.005073891,568.694442173,568.699537381
R977: 568.662815839,0.188989399,568.699564506,568.888565714
R978: 568.709500923,0.021733106,568.888590006,568.910344048
R979: 568.887853923,0.002568190,568.910366089,568.912936256
R980: 568.945910631,0.006676774,568.945977464,568.952680964
R981: 569.096790673,0.507900790,569.096861548,569.604856465
R982: 569.208635631,0.011701376,569.604964798,569.616683131
R983: 569.221489464,0.029205969,569.616712590,569.645934465
R984: 569.749983173,0.223790382,569.750067798,569.973886548
[#WORKER#] 406.965176682 Still Alive!
R985: 569.778758423,0.138137973,569.973923423,570.112084382
R986: 569.968790423,0.013469335,570.112108173,570.125608590
R987: 570.509641798,0.183821432,570.509750007,570.693627257
R988: 570.595223173,0.025381374,570.693693424,570.719157424
R989: 570.823718465,0.075227184,570.823765174,570.899099840
R990: 571.577483716,0.020918104,571.577545132,571.598506799
[#WORKER#] 406.965176682 Still Alive!
R991: 571.801535799,0.337793889,571.801612966,572.139467174
R992: 571.840111049,0.059804900,572.139519049,572.199360133
R993: 571.885534424,0.225498200,572.199400633,572.424939383
R994: 572.166686674,0.011516984,572.425047924,572.436580549
R995: 572.339618591,0.027567093,572.436609674,572.464202799
R996: 572.761710258,0.052629906,572.761760925,572.814418800
R997: 572.798896966,0.028426194,572.814490050,572.845605258
R998: 572.843617258,0.021410149,572.845663133,572.867087966
R999: 572.965907925,0.113213259,572.965996466,573.079293758